# 1000 of 4000
# Minimum x: 0
# Minimum y: 0
# Minimum z: 0
# Maximum x: 16
# Maximum y: 16
# Maximum z: 16
# <local id> <pos x> <pos y> <pos z> <type>
# Number of local subdomains: 2
# Local subdomain 0 boundaries (-0, -0, -0) - (8, 8, 8)
# Local subdomain 1 boundaries (8, -0, -0) - (16, 8, 8)
1 4.57348639913835 2.20721681579016 3.58607287169434 ex
2 0.0766535997390747 2.66622868250124 7.56875562551431 ex
3 0.810357086127624 4.32647881261073 3.53706739959307 ex
4 4.58736552135088 1.19235404906794 1.72862408775836 ex
5 3.94133391068317 0.521322329062968 6.04786794236861 ex
6 4.8584143742919 0.843856908613816 6.31421620445326 ex
7 1.71275174804032 1.86641867784783 1.35666847182438 ex
8 6.22700327378698 1.50671257101931 5.88687052275054 ex
9 2.25613607978448 7.24579864693806 5.08995177200995 ex
10 6.68408191995695 3.13506328454241 0.177493393886834 ex
11 7.55476603610441 4.30479070451111 0.0580698186531663 ex
12 5.4881387706846 0.80375561164692 1.52355076093227 ex
13 2.75791566446424 1.74228468653746 4.94556751986966 ex
14 3.84940377040766 1.07742114714347 4.75544920866378 ex
15 6.02039626729675 2.51019050460309 4.97223081788979 ex
16 2.89783306140453 3.37838619132526 5.11142174177803 ex
17 4.25328428833745 2.43669808469713 6.43070025090128 ex
18 7.42356717935763 2.66984502249397 3.20627838931978 ex
19 6.75806981814094 7.25412147329189 0.665528876241297 ex
20 4.63763761543669 0.426320884842426 4.16653566993773 ex
21 4.49781439476646 4.10417093359865 3.5290383794345 ex
22 1.55700072250329 2.52076234202832 6.58544640499167 ex
23 2.25796152371913 2.58065249677747 1.70826722565107 ex
24 6.85298535693437 4.95213079242967 1.36615136102773 ex
25 7.91452685464174 3.52911785943434 2.25442654755898 ex
26 6.89992510108277 2.02280181390233 3.60363264754415 ex
27 5.43712904746644 7.89724537380971 1.25739550031722 ex
28 2.48473117384128 4.04500673874281 5.96286690910347 ex
29 5.19044045731425 7.38735813437961 4.00457213283516 ex
30 4.86648440314457 3.95580657990649 0.590258604846895 ex
31 5.22996973246336 7.66930101090111 0.412038154434413 ex
32 7.37331650662236 4.95667008496821 3.91013821703382 ex
33 1.58543197042309 6.59250808157958 7.45733420550823 ex
34 5.31573434919119 3.1547850552015 3.59404513170011 ex
35 2.93054573633708 0.109228297136724 3.69186012563296 ex
36 1.15508527192287 1.29596510343254 4.93920230865479 ex
37 0.234521412989125 2.81330647482537 6.44429783313535 ex
38 1.88413291610777 5.52164149726741 3.53339559957385 ex
39 0.90875969035551 4.66405453835614 4.47267252230085 ex
40 0.179406113224104 3.09951213211752 1.85731955966912 ex
41 4.41952265426517 0.84604675672017 7.13384255906567 ex
42 7.85608900198713 0.595139018958434 2.55479490966536 ex
43 0.0206169767770916 4.49308411241509 6.18414820288308 ex
44 2.00712240836583 6.74288296117447 3.6971701704897 ex
45 0.428102812729776 7.15778454090469 3.48224879079498 ex
46 5.58246887126006 6.02602598699741 6.80006350693293 ex
47 4.91975231026299 5.57791651482694 0.860850706230849 ex
48 4.24145619408228 6.12820324767381 3.4354744986631 ex
49 4.02650870056823 4.80780577706173 1.24889349215664 ex
50 4.22608177480288 5.21541183488443 7.48524677474052 ex
51 0.238704204559326 1.48876396613196 7.21585932839662 ex
52 7.37528080539778 6.83764832396992 6.10132220666856 ex
53 0.764351030113176 2.34341325657442 3.14839378814213 ex
54 5.89181235060096 7.12069091713056 3.97581772087142 ex
55 7.38962922967039 3.58031771262176 6.15672941785306 ex
56 7.18965046433732 1.24502648948692 3.03365790774114 ex
57 3.8037156839855 2.49244870361872 0.0765469446778297 ex
58 7.73088575527072 3.18453853577375 3.08556141937152 ex
59 3.31989455618896 7.06712755188346 0.0592533550225198 ex
60 2.46110392408445 2.90818565897644 5.76984917349182 ex
61 4.61921095242724 2.26270979223773 5.15332769020461 ex
62 6.87500994605944 6.56525193341076 4.93891342473216 ex
63 4.55325937201269 6.39160348521546 2.52241562213749 ex
64 5.25321479118429 3.5851154064294 0.30363065819256 ex
65 1.94693913683295 0.753256720490754 3.34663395443931 ex
66 0.478119741426781 3.94423490879126 6.72039317036979 ex
67 3.17114873509854 2.44665280263871 7.0694556387607 ex
68 6.92438751645386 5.88454670761712 1.16511951177381 ex
69 5.34750410332344 5.09662690921687 2.24702100735158 ex
70 7.67816076288 1.33545727306046 1.10901356022805 ex
71 3.38375378563069 1.36385183990933 1.98277165344916 ex
72 3.61166051961482 7.56717007118277 2.68714302126318 ex
73 7.40499992133118 7.58961456897669 3.07401100452989 ex
74 7.7519961646758 3.058831094997 1.5278419139795 ex
75 4.17417016578838 0.0132256071083248 0.0144054240081459 ex
76 1.44517758837901 6.04143682634458 0.215411715442315 ex
77 5.90100847766735 5.02588563226163 3.82256133574992 ex
78 0.277103678556159 0.870365852257237 4.83572436403483 ex
79 4.51373121025972 4.11270816228352 0.729541838169098 ex
80 2.37682999297976 1.67590115708299 3.79851893847808 ex
81 4.13494267500937 6.72141655115411 5.34271339909174 ex
82 5.50028035580181 6.97699848096818 4.69097166834399 ex
83 2.30431890417822 5.9593199971132 4.0111368955113 ex
84 7.26036253082566 1.1398289562203 7.55755550484173 ex
85 3.98669481091201 0.464297965168953 3.44735922780819 ex
86 5.98058472760022 5.37274780799635 5.30623653181829 ex
87 1.83004240412265 0.506432600785047 2.83125807507895 ex
88 6.26864401763305 4.63784934417345 2.17383177019656 ex
89 6.39321920392103 3.81073979334906 6.980240753619 ex
90 5.59225626545958 6.74240533029661 1.03947588871233 ex
91 6.29961035493761 7.81244071573019 6.75298430398107 ex
92 7.22383876494132 2.52195013873279 6.57649716967717 ex
93 7.13032191433012 7.20816510519944 5.36600609100424 ex
94 4.21620900020935 2.97168224095367 2.54087574826553 ex
95 3.60739817284048 2.53544774954207 5.99509328883141 ex
96 2.07531842635944 7.54992519668303 0.0575602592434734 ex
97 0.30340095073916 5.03741810144857 0.872340630041435 ex
98 6.02833211747929 1.78668800857849 6.01249287696555 ex
99 0.52883029053919 0.831691900966689 7.28439696063288 ex
100 1.77468927414156 7.54954114556313 4.79362756572664 ex
101 5.47601623646915 5.22072067926638 1.77917187591083 ex
102 6.5164822016377 6.72973404591903 2.73951881937683 ex
103 2.12165004410781 1.79331403155811 5.92787311528809 ex
104 1.93605819181539 6.08864806150086 1.03962296689861 ex
105 6.91890900582075 4.50860535027459 4.23235573619604 ex
106 1.65969577152282 4.14084839494899 6.29365021176636 ex
107 5.87404851219617 1.10377694061026 1.89692020136863 ex
108 0.392787449760363 6.55533914105035 3.47619646112435 ex
109 7.75476762698963 1.4364680997096 5.34160279855132 ex
110 4.79704747581854 1.88136461493559 3.92728172591887 ex
111 4.28550294367597 5.94481352949515 6.05501534440555 ex
112 6.31456279521808 6.53298405581154 6.99255199939944 ex
113 3.80666792951524 7.53792277351022 4.86000316427089 ex
114 2.44489849964157 1.03377974266186 2.54855157528073 ex
115 2.19978484371677 1.20689023914747 0.993467646185309 ex
116 3.79618324409239 5.56254413328134 0.761224612826481 ex
117 1.02412949874997 0.676514944061637 5.68645399482921 ex
118 1.86865913891234 3.06585184810683 6.52555339736864 ex
119 1.22132997587323 2.03222377831116 2.20923940395005 ex
120 5.51528225443326 6.08751014689915 7.27179760462604 ex
121 5.8501940604765 6.62307566008531 2.24419757653959 ex
122 1.01041266322136 5.32056107348762 5.86318756896071 ex
123 1.84007888752967 1.96972040971741 7.41336761438288 ex
124 6.89584886329249 5.88861690764315 7.79761677584611 ex
125 7.66776813031174 7.13198319450021 2.00055627059191 ex
126 5.1953323984053 2.70225556776859 3.66722575365566 ex
127 3.27414789539762 2.46536310436204 1.6698716559913 ex
128 2.99791300948709 5.58479744126089 2.53268703329377 ex
129 1.82856168108992 3.38633092748933 5.09768690052442 ex
130 4.80074967350811 3.05985788954422 5.58366661192849 ex
131 1.35665807663463 3.01322272140533 4.60663236188702 ex
132 7.5083244049456 7.44987232075073 7.70798765867949 ex
133 5.73309025750495 1.87305628601462 3.83166395081207 ex
134 7.91945515479892 6.29000840941444 4.64977544010617 ex
135 7.96656258939765 1.03055848041549 2.90718535683118 ex
136 5.00855678529479 5.68504794011824 0.298663534689695 ex
137 1.04899016302079 7.85837481822819 7.32617943058722 ex
138 6.97511952603236 7.82811033981852 1.90260322811082 ex
139 2.02685822220519 6.71374335419387 5.42303977324627 ex
140 5.03050427767448 4.72375652333722 0.60909137642011 ex
141 6.83330280939117 0.151251230156049 1.25220534973778 ex
142 7.19989955006167 6.59116421849467 2.52954137697816 ex
143 5.32033985853195 2.13819901715033 1.70467221108265 ex
144 7.35377050819807 0.659858573228121 5.73030986287631 ex
145 6.73935177200474 0.482126936549321 0.548138842452317 ex
146 3.71511607430875 3.60632561217062 1.28611033572815 ex
147 0.965640742331743 0.094275668496266 2.49612128967419 ex
148 3.622504260391 0.981972762849182 0.0550180256832391 ex
149 0.389992621028796 5.29034812515602 6.40982845728286 ex
150 3.14333280432038 4.56856809160672 5.93768652388826 ex
151 5.40704552386887 4.11862791911699 2.27853589598089 ex
152 0.309706654166803 5.65347333159298 7.93650023778901 ex
153 3.60096926568076 1.90065482468344 0.789360445458442 ex
154 3.60845434898511 0.268644137308002 2.56291847582906 ex
155 0.502279449021444 6.80995898949914 1.51316291815601 ex
156 0.755670502316207 5.7145345506724 4.52937562740408 ex
157 7.18744578422047 6.31467155576684 0.681379484478384 ex
158 3.71353698265739 5.36200724262744 2.61942802998237 ex
159 1.08724858472124 7.48121472261846 2.47009151452221 ex
160 3.02659228001721 6.29316807421856 0.454497214639559 ex
161 1.85344609385356 0.454546099994332 0.949213139712811 ex
162 1.36779681569897 3.53677983954549 3.55815428355709 ex
163 0.387555004330352 7.62735390430316 0.330029814736918 ex
164 2.00860928208567 7.38100870419294 3.74125907802954 ex
165 7.40163439442404 1.5650311098434 6.84953598934226 ex
166 7.10693126218393 0.663078746525571 6.84162408835255 ex
167 6.27000835794024 7.40697034168988 7.78155883052386 ex
168 2.15923952730373 7.38979562954046 4.30139920441434 ex
169 4.24282048339956 3.73118048906326 2.46134601836093 ex
170 5.56404342851602 4.17666290816851 3.15022004349157 ex
171 5.38492037751712 3.59422681177966 5.96829819120467 ex
172 2.02054815646261 2.6087687802501 2.54501806199551 ex
173 3.17350269039162 1.55400608363561 5.81184241734445 ex
174 0.372592341853306 4.37775410758331 2.13200676883571 ex
175 5.47257006098516 2.72207040572539 0.682408230379224 ex
176 6.62867098883726 6.85174801829271 1.17259800131433 ex
177 5.86587091418914 5.2510555582121 6.20920547703281 ex
178 2.32306347624399 6.06591676920652 0.960117482813075 ex
179 7.98589700064622 0.961566767422482 1.27324041561224 ex
180 4.61064066668041 7.4304363434203 5.04490662855096 ex
181 2.21830406505615 2.2105753745418 4.52464816416614 ex
182 2.35328422556631 3.38924420578405 4.64509670110419 ex
183 7.44850390194915 3.17371375835501 5.93422584515065 ex
184 3.83842078922316 7.29810497630388 5.84534399374388 ex
185 0.394824167015031 7.83027046150528 1.41613886738196 ex
186 2.93632976547815 4.43788976920769 4.87245317641646 ex
187 1.65005697938614 2.48300608270802 1.80149196903221 ex
188 1.28803600859828 7.9377948124893 1.07063474366441 ex
189 0.148526807548478 7.20054793194868 4.89421407342888 ex
190 4.0303221673239 1.68650408694521 4.42008307413198 ex
191 2.60524158878252 4.54581759520806 1.53002106398344 ex
192 4.94689638121054 5.14333544345573 5.14239787682891 ex
193 1.3369390075095 4.68696745135821 0.933167362818494 ex
194 4.69075426878408 5.38871180475689 3.69033249095082 ex
195 5.97391106910072 0.376423685578629 3.79733289615251 ex
196 1.75779993575998 6.52522833016701 6.14123398647644 ex
197 2.1144622261636 2.93299911543727 3.73606334859505 ex
198 7.82354511274025 5.68736591888592 2.64636814687401 ex
199 6.25423048483208 0.27065305178985 7.43250409280881 ex
200 0.420280394144356 2.37184298131615 2.1364208185114 ex
201 0.432026522466913 2.0268373247236 0.476756574586034 ex
202 0.222330463351682 1.64900713670067 4.97461668797769 ex
203 2.54654805059545 0.499307236401364 1.72542645107023 ex
204 4.7899634714704 5.39247080427594 2.64326523733325 ex
205 5.84227507025935 0.798613900551572 5.42573539284058 ex
206 1.86748793185689 2.75653570867144 5.32052870839834 ex
207 2.22991477977484 1.35618379781954 6.85782873327844 ex
208 5.3483127662912 2.61464676167816 4.89253787114285 ex
209 6.80492463824339 1.68430063501 7.72423836914822 ex
210 5.70249847159721 4.28720435942523 4.69404026307166 ex
211 3.48347808490507 5.69290769007057 3.13793176435865 ex
212 6.93273787107319 6.77435676450841 3.03765562083572 ex
213 2.36446879967116 2.25907056429423 0.280768333701417 ex
214 4.22209300729446 7.90427364921197 1.91900955536403 ex
215 4.74197087669745 4.29223087988794 4.71143646910787 ex
216 7.06529287388548 7.58557691192254 0.497534401714802 ex
217 2.80858603026718 4.27914013480768 2.30948170111515 ex
218 3.33354140352458 4.52122569084167 6.17885824758559 ex
219 2.54283699952066 0.616735168732703 5.0780812043231 ex
220 3.16926357476041 2.13999264175072 2.46665208321065 ex
221 0.624861442716792 3.55723975389265 5.87883500894532 ex
222 7.14267976232804 1.58259241329506 4.52691906900145 ex
223 1.12362231803127 1.41652080416679 3.62857450451702 ex
224 5.84882118366659 0.763446665601805 7.49803729960695 ex
225 0.952216531615704 2.06015886086971 5.71962605486624 ex
226 7.46191518986598 7.94768161559477 4.86215068679303 ex
227 4.93431828357279 1.81885528587736 5.96948517090641 ex
228 6.3774483432062 4.56241850508377 6.83913486334495 ex
229 7.40655622561462 0.308749007992446 0.544346081325784 ex
230 0.938536768080667 3.15029660472646 3.87224433803931 ex
231 0.822770544793457 1.33280436554924 0.877329248003662 ex
232 7.28169864579104 5.45122548844665 1.20179265644401 ex
233 5.44720616657287 0.642160281073302 2.94275182741694 ex
234 0.179318794514984 2.81934416247532 4.94878706219606 ex
235 4.90763500449248 2.20562555361539 4.49674033257179 ex
236 4.08684331458062 6.26201547193341 4.45164406439289 ex
237 2.34865324059501 0.0259107216261327 0.344039238523692 ex
238 6.76999410428107 6.76570197357796 0.0764773651026189 ex
239 3.4305922195781 4.30998445022851 2.92016424238682 ex
240 1.85944194882177 3.41513391910121 2.37956736935303 ex
241 4.66657722159289 1.74176778807305 0.918282811297104 ex
242 1.33166573056951 4.83762722741812 5.38198754750192 ex
243 2.89203000999987 6.49751544254832 4.92137286392972 ex
244 1.09023465425707 5.57211970468052 7.93962381035089 ex
245 6.74537840555422 3.58523603226058 5.20305514102802 ex
246 7.34549811086617 7.79792522522621 6.96736794733442 ex
247 2.95964606059715 3.15027811704203 2.93851610412821 ex
248 7.42856473731808 2.8712870166637 4.01077804039232 ex
249 3.06043136585504 1.42606056528166 3.322229166748 ex
250 3.45969289005734 3.12284526065923 3.61838043038733 ex
251 5.68810452660546 1.08208032464609 4.68734364700504 ex
252 1.73691008565947 7.86586408712901 0.600530656520277 ex
253 6.41841475083493 3.80531537090428 7.29203097661957 ex
254 1.1372193726711 5.48264307063073 0.801764910575002 ex
255 2.58872750820592 3.40328607335687 0.658594178268686 ex
256 2.51699374802411 6.70046389382333 1.01046805991791 ex
257 2.17456396040507 4.76193224010058 6.15298716770485 ex
258 4.93335767625831 6.04418223095126 6.53414263925515 ex
259 7.37066360609606 2.6982230101712 0.632553109666333 ex
260 5.42549342336133 1.28400120325387 2.64867609832436 ex
261 7.99966219137423 2.13998725125566 2.27893434255384 ex
262 7.31457045837305 4.42995697818696 7.21131902537309 ex
263 7.37370991427451 6.56821548030712 7.83550962526351 ex
264 0.831573941279203 6.73079916625284 7.43402240867727 ex
265 1.93933079042472 2.63010396878235 3.87355848727748 ex
266 6.24546546442434 4.73096813703887 3.66078639682382 ex
267 5.79490247834474 7.24434866895899 5.61506755719893 ex
268 3.73340192902833 6.21163421170786 6.857314001536 ex
269 4.4750903302338 6.70716883824207 7.84573587216437 ex
270 2.9589239761699 5.20699491351843 3.22360487608239 ex
271 1.38749727816321 4.12372884061188 3.14837635867298 ex
272 3.54771992820315 0.766749822534621 7.64709667535499 ex
273 5.36135126044974 6.51204133732244 3.17330555780791 ex
274 6.42727379081771 7.92325148754753 2.83698400924914 ex
275 5.50518236798234 4.37862343224697 1.88444379391149 ex
276 7.05089646973647 1.5688130420167 0.26833782508038 ex
277 5.85782758076675 4.84351481264457 7.38525967882015 ex
278 4.58546671038494 1.42226083111018 2.15597950806841 ex
279 1.51171317906119 1.22706939140335 0.32808390003629 ex
280 5.56086804065853 0.213438693434 0.745032869512215 ex
281 4.82417639344931 2.31839177827351 7.88549446244724 ex
282 1.48174116527662 3.57030249363743 7.12809981685132 ex
283 6.39443062152714 2.40143559477292 0.399119361303747 ex
284 2.40303556248546 0.577752341749147 7.09961633896455 ex
285 6.36880561546423 5.53939395095222 6.08211486600339 ex
286 2.61425513704307 5.91741580446251 5.35083900648169 ex
287 3.93962733680382 0.238639236893505 5.07160984305665 ex
288 6.42842128220946 7.45926910242997 5.66918581235223 ex
289 6.68222469789907 7.77140959864482 3.92070846282877 ex
290 3.56655985442922 0.0408511904533952 1.29106445331126 ex
291 6.08723608660512 2.60865278239362 6.66050059697591 ex
292 2.04198549478315 0.474891756894067 2.15143475611694 ex
293 2.02297121309675 7.37808351381682 2.24533869558945 ex
294 3.81921818247065 0.402023689821362 4.27947859885171 ex
295 0.0228118908125907 2.37525970931165 1.72420281195082 ex
296 4.54315859079361 3.66501895198599 6.02281357045285 ex
297 5.24521643063053 7.78849789430387 2.44120088079944 ex
298 4.44794743740931 0.366930201649666 2.25299051427282 ex
299 7.76635948824696 0.174751181155443 7.56787696946412 ex
300 1.87434062780812 0.220265903277323 6.93831038777716 ex
301 2.59730613231659 0.384826469467953 4.2735958150588 ex
302 4.46883627562784 1.09283649688587 6.05454622674733 ex
303 7.97297401749529 4.75242618587799 1.66259466391057 ex
304 6.08343988098204 3.67040861677378 4.25482064648531 ex
305 5.27808729931712 0.575825493782759 6.03379596839659 ex
306 3.863021686906 2.76029525091872 4.68530240468681 ex
307 4.23360990080982 7.24689910560846 0.670339034870267 ex
308 1.47084527509287 1.91313761821948 5.77866393700242 ex
309 0.116485240636393 7.47011868911795 7.88155935914256 ex
310 2.89474666467868 6.77139731007628 7.59941106522456 ex
311 0.0685522600542754 3.89480851474218 0.134675852255896 ex
312 4.73016991396435 5.81181176565588 4.36794245056808 ex
313 5.49338846327737 5.04080390022136 7.09127121372148 ex
314 2.9768615111243 4.47216462995857 0.236921453149989 ex
315 1.62873038440011 0.273522774456069 7.46998103009537 ex
316 0.200085826450959 1.62489926954731 5.60751771181822 ex
317 4.43215188453905 4.73309256951325 7.46996449842118 ex
318 0.693713077344 1.78344674455002 2.93570746132173 ex
319 0.670293889241293 4.30070428107865 5.95768330409192 ex
320 5.17914362996817 2.51568495575339 7.46728110592812 ex
321 1.16650908999145 2.094214346027 0.41358649218455 ex
322 5.60345521662384 5.36716961674392 4.60689548263326 ex
323 5.59754430060275 4.6610648999922 6.5451671613846 ex
324 6.19706902536564 4.06754817673936 7.82471859059297 ex
325 0.78165675024502 0.303354704519734 5.84078917093575 ex
326 4.87925439444371 1.53594816592522 7.93758009071462 ex
327 3.58658374636434 7.47510037873872 1.19913414726034 ex
328 7.87025972385891 5.20730758365244 5.98192478367127 ex
329 2.53941934835166 1.0000967590604 1.85799468914047 ex
330 5.62670368328691 4.744326969143 5.80465776356868 ex
331 1.30325365508907 4.13207960268483 1.33435722673312 ex
332 0.627837478881702 3.42742594657466 7.35857467912138 ex
333 3.65681253164075 5.41407839069143 7.21549516986124 ex
334 0.513695566682145 5.18293509958312 2.26629612944089 ex
335 1.63385402970016 2.41352467006072 4.00160597870126 ex
336 3.67298355675302 1.35033835889772 7.54814252303913 ex
337 6.02692951029167 4.98686176189221 5.4064467952121 ex
338 6.25492238835432 5.39259563479573 2.43608141620643 ex
339 3.06785300490446 6.54055672325194 4.98880167026073 ex
340 2.06947950273752 6.37991891498677 2.38210343010724 ex
341 1.23917914670892 2.65236596879549 7.61683453107253 ex
342 3.12525977310725 6.46948550199158 2.21308573638089 ex
343 3.88733518891968 4.61273713037372 7.37013443326578 ex
344 2.46946985460818 4.43641336471774 3.78530206647702 ex
345 2.85762958787382 0.164062744239345 6.44267977355048 ex
346 5.8872507000342 1.32729388587177 7.69785427302122 ex
347 0.33976374566555 1.98213330237195 3.03819961333647 ex
348 4.72974819876254 4.98355463636108 6.56016231351532 ex
349 6.92680933210067 0.477003087522462 5.6770184172783 ex
350 4.98581520793959 0.621677184477448 3.79420834523626 ex
351 0.349915370577946 6.60901992139407 6.49625808675773 ex
352 2.769714839058 7.89965541078709 1.28958369093016 ex
353 4.16683019022457 4.20416596787982 2.20063324808143 ex
354 5.71892980649136 1.68552880710922 5.16895383037627 ex
355 4.99669783329591 7.24075465230271 6.78853860776871 ex
356 3.83328514406458 3.17435792158358 6.87706564273685 ex
357 6.23156269127503 0.0746725299395621 6.49330027098767 ex
358 7.38346582930535 2.29014010960236 1.03444343199953 ex
359 1.83206260413863 0.985824375180528 1.59616245375946 ex
360 5.49277228745632 7.64173544780351 7.37708738003857 ex
361 5.52866210532375 3.23012773506343 4.63525314652361 ex
362 7.24077321751975 6.8485587304458 1.00082554505207 ex
363 7.75847365660593 6.97427450981922 5.48044672631659 ex
364 1.23818912310526 7.9530394768808 5.49073790688999 ex
365 0.0830685468390584 3.43257761816494 4.13931707874872 ex
366 0.446997267659754 7.1745716962032 2.42243391647935 ex
367 3.05968605633825 6.2762516583316 1.95736153097823 ex
368 7.49511530878954 3.43820648570545 7.83393280627206 ex
369 1.8491221149452 4.77676131785847 2.98747536353767 ex
370 5.9964842479676 2.51827749307267 6.00139709073119 ex
371 1.57010606746189 0.143384072231129 4.16063041379675 ex
372 0.416125993942842 0.41942418855615 6.03533770702779 ex
373 7.04242283594795 5.38473305711523 6.75481540616602 ex
374 3.09778575086966 3.35822033602744 4.93959243083373 ex
375 7.97443636064418 5.39823677088134 4.49788486096077 ex
376 3.38204674725421 3.83413803577423 5.1266843797639 ex
377 2.99330303515308 2.38252574438229 7.09347471571527 ex
378 2.24067835044116 6.65854987804778 6.88732923520729 ex
379 0.977293477160856 5.0780148722697 5.7282147933729 ex
380 3.86844846908934 5.97831130144186 5.93732659565285 ex
381 0.972384020453319 7.88839267357253 5.43030241411179 ex
382 7.10214783088304 0.588005318073556 4.76500342274085 ex
383 2.63639319315553 3.14448426151648 6.18728697998449 ex
384 2.851369648939 5.07384067773819 1.79551640315913 ex
385 6.56640161783434 6.62281855824403 7.5268054138869 ex
386 1.47562827495858 4.9483426224906 7.97619381430559 ex
387 4.02396436757408 7.8127824079711 4.62264215084724 ex
388 7.27390431729145 4.09177889628336 2.17058468703181 ex
389 6.17078298772685 1.40426627523266 2.98557361471467 ex
390 2.9135421696119 7.85290651931427 6.69654926052317 ex
391 6.74835305428132 3.99837343022227 1.01204004138708 ex
392 0.274732672609389 6.81275495188311 2.71762502519414 ex
393 1.63664011866786 3.33432086464018 0.0482804749626666 ex
394 0.319081699009985 6.0403139363043 4.82445018552244 ex
395 2.42624487564899 1.94412372168154 7.72259449888952 ex
396 4.86435797414742 7.59920944739133 2.93042269325815 ex
397 0.795460544293746 6.49406498786993 5.30469673243351 ex
398 0.873607066459954 6.2685720755253 0.00308289751410484 ex
399 6.74042329681106 5.64868592214771 5.05490868119523 ex
400 0.848832462914288 0.225160848582163 3.39748818171211 ex
401 7.06724551762454 5.50566953117959 3.27745082648471 ex
402 6.640092556132 2.48683660756797 7.49748621461913 ex
403 1.84778043441474 3.23510946123861 1.76557244104333 ex
404 2.59206316829659 5.19898476125672 6.28406966128387 ex
405 5.91470255353488 1.05110065592453 0.919246156467125 ex
406 6.29525405564345 7.94965288368985 4.6869537695311 ex
407 0.411901107756421 5.99410404404625 3.70461575873196 ex
408 2.49525805609301 4.90505928499624 7.93788496009074 ex
409 6.58622252941132 6.31404085946269 5.24829119094647 ex
410 7.71502307825722 4.94872857490554 4.6953304738272 ex
411 2.91960905608721 3.83915441553108 3.17490266216919 ex
412 3.08359240647405 7.55253191036172 7.82010030094534 ex
413 7.46913067530841 5.8993959678337 0.0849929114338011 ex
414 2.46835137112066 2.05800641956739 6.97981842095032 ex
415 1.01103870035149 5.70056357234716 2.86795377358794 ex
416 6.16303885565139 3.67876303568482 2.04787612729706 ex
417 4.65357185807079 7.32827259227633 7.43849786533974 ex
418 4.92195891425945 6.72541848826222 1.82700859731995 ex
419 1.03640620596707 5.73649350856431 1.66365919169039 ex
420 4.33286048402078 6.62879391619936 0.891331939492375 ex
421 2.79541373695247 7.76353172562085 7.35649982164614 ex
422 0.907609109068289 5.69944501155987 1.85277021070942 ex
423 6.25370477046818 2.30775603768416 1.11716825864278 ex
424 7.37166411988437 4.49870695918798 6.44065386638977 ex
425 3.94110729824752 6.33656683098525 5.46619295072742 ex
426 6.33911473699845 0.511092727771029 3.55839893291704 ex
427 3.31858274014667 3.56941397767514 2.22171276877634 ex
428 1.65371225704439 4.23316638334654 4.03271470125765 ex
429 0.678751670988277 3.68385001667775 2.38239543605596 ex
430 3.80354269780219 5.08831009618007 6.4549534667749 ex
431 0.687300968449563 1.58782255044207 6.53176838392392 ex
432 6.79149834183045 5.71127690817229 0.069619856774807 ex
433 6.2605045880191 2.30244561191648 2.3799521275796 ex
434 3.357914326014 1.60415622778237 6.02262064884417 ex
435 0.684102988103405 0.368374971207231 1.39336623670533 ex
436 3.59411409823224 6.25410027476028 7.51712079811841 ex
437 3.55944827245548 1.05858690058812 2.24509069579653 ex
438 6.41877216775902 1.84607392712496 1.42415398336016 ex
439 6.39129691175185 0.227647562278435 2.89805952296592 ex
440 3.97919927211478 4.17226786725223 0.619294582400471 ex
441 4.7943386733532 0.625291152158752 1.45283746346831 ex
442 6.8303899189923 5.48668200452812 3.3777612245176 ex
443 5.08888288377784 1.37736995890737 6.20410907384939 ex
444 4.5716379256919 4.83883883687668 5.93225885299034 ex
445 6.78237560251728 1.64687691070139 3.749149907846 ex
446 3.61113755358383 5.73037588270381 1.4167530189734 ex
447 1.8901526464615 7.6430207262747 3.32739367359318 ex
448 5.48271448747255 3.32106270920485 2.16932296240702 ex
449 6.14949731947854 1.01133009791374 0.307885841699317 ex
450 4.44097453798167 3.46541617531329 4.30703989416361 ex
451 1.22023223922588 7.26396664022468 6.89290862274356 ex
452 1.93816273100674 5.32135413354263 6.60725352331065 ex
453 0.210404922487214 4.37145623844117 1.05200835457072 ex
454 3.60530030354857 4.66524251410738 1.81407597544603 ex
455 1.11433734069578 1.71731970692053 2.99744429718703 ex
456 6.35323165892623 1.20233159419149 4.45189817319624 ex
457 3.16097941296175 3.19853938324377 0.217023572651669 ex
458 5.79159528785385 2.59217660105787 2.27575198584236 ex
459 7.15113018127158 2.57511286251247 7.67914698971435 ex
460 1.08312690001912 5.79018859891221 4.37684669159353 ex
461 2.5337435726542 5.23576016025618 0.228699786355719 ex
462 5.17176499892958 0.412125857546926 4.44760949467309 ex
463 0.972340692766011 7.9295261206571 6.5601707296446 ex
464 7.3116785956081 0.374644121853635 3.75939377234317 ex
465 5.05504742613994 6.75140118086711 0.605220569064841 ex
466 7.21290928754024 5.96545148524456 7.21368785062805 ex
467 4.46989580639638 3.27498805942014 1.56908735795878 ex
468 1.41757440660149 6.55049664201215 5.24283516430296 ex
469 5.30319385440089 3.00556770106778 1.36197634343989 ex
470 4.85473815933801 7.89089738833718 3.37156446790323 ex
471 2.32251003896818 3.16071914252825 1.24529393040575 ex
472 6.19032719591632 0.926374482223764 4.02761821192689 ex
473 5.81969945109449 3.76999787427485 7.31674118642695 ex
474 1.04732507537119 6.25017910706811 3.23960686079226 ex
475 7.94436650210992 6.63437068881467 3.89935089321807 ex
476 3.96919893519953 3.56792473909445 7.24916552682407 ex
477 4.9673063182272 0.503027686383575 5.48485252866521 ex
478 3.86198082589544 6.9482997211162 3.51176131330431 ex
479 2.67436746321619 5.56030097487383 7.12270822096616 ex
480 1.68808752787299 1.38419629749842 6.13281681202352 ex
481 3.08975976146758 5.24958460754715 4.49593385937624 ex
482 0.261082971235737 0.894739192444831 0.241272035753354 ex
483 1.13307683472522 6.4783208372537 2.79875288507901 ex
484 6.96695907600224 2.41620098939165 5.0105620988179 ex
485 7.6045670863241 4.86630595382303 5.57100851228461 ex
486 0.576223013922572 1.35520563670434 1.51328254211694 ex
487 2.18410575739108 3.18269656272605 7.83632599422708 ex
488 5.6296497695148 6.5130344578065 5.73451331420802 ex
489 3.78726744116284 7.4335548770614 6.91244755010121 ex
490 6.01837388053536 3.23632588214241 3.09109695279039 ex
491 3.45680155139416 2.62033870001324 3.38043423416093 ex
492 0.382905855309218 4.45488379872404 0.279408616945148 ex
493 0.640558015089482 4.41165625536814 7.95871872687712 ex
494 4.96109970309772 3.89276130660437 7.76629064488225 ex
495 3.33110242290422 4.10393197415397 3.27630153880455 ex
496 5.6327167225536 7.74303787201643 6.16631952230819 ex
497 5.47377599496394 2.86603666120209 5.25521015841514 ex
498 7.64395057572983 3.99676608224399 4.98680345527828 ex
499 4.66556117217988 2.08594415616244 1.27067854395136 ex
500 5.52532547083683 3.32474277843721 6.94178655301221 ex
501 9.69775621127337 0.030517868231982 7.14611802762374 ex
502 15.2168379805516 3.34177489252761 7.83669290528633 ex
503 8.31173950061202 7.05669954931363 0.866803780663759 ex
504 13.6961941604968 4.33857053518295 7.02490740525536 ex
505 12.7533445942681 1.76302733458579 2.57173019112088 ex
506 9.11583186965436 7.36543438537046 1.14284127717838 ex
507 12.1353283207864 2.64529858506285 2.241674345918 ex
508 12.6116875065491 3.51490385294892 3.05336579005234 ex
509 9.20942105399445 7.43073704792187 4.27302030031569 ex
510 12.3979911727365 3.99107047985308 6.89728807448409 ex
511 15.1688980173785 1.1030525942333 5.71891239937395 ex
512 9.70132182352245 3.66598752583377 7.12734169862233 ex
513 13.4713996744249 6.921022297116 5.12793621537276 ex
514 10.012498148717 3.88386760372669 5.84011616441421 ex
515 11.6668290365487 4.68466971442103 5.57026813435368 ex
516 15.2702413944062 4.84754499723203 7.98565247934312 ex
517 8.15430313418619 6.00893848366104 2.84003868093714 ex
518 13.7934383042157 2.24135645199567 4.82999472669326 ex
519 14.3328432906419 6.92735660425387 1.15483633824624 ex
520 12.2829364351928 6.60646428517066 4.29519575228915 ex
521 11.1050045823213 1.97504520881921 4.27266192436218 ex
522 10.9122375922743 4.18611452053301 0.992818489903584 ex
523 15.4331351967994 3.94004105473869 0.00322524434886873 ex
524 10.0731464596465 6.3931982293725 3.23952810000628 ex
525 8.75234861136414 0.77103300509043 5.12843340495601 ex
526 12.1577637244482 6.2412773494143 6.64881632244214 ex
527 8.54637281317264 6.7112092950847 4.22411431185901 ex
528 10.6176303334069 7.6842839200981 3.7399656099733 ex
529 12.214586124057 2.30845264717937 1.17090779542923 ex
530 13.495443243999 7.36923510488123 0.184398323763162 ex
531 14.5329825645313 7.15814208239317 1.67488213186152 ex
532 10.0714626335539 5.71354232099839 7.16225923737511 ex
533 10.766532121459 3.16513399523683 2.50172430509701 ex
534 15.2917994768359 2.54032994038425 2.2314916246105 ex
535 10.8268613417167 1.61226918338798 7.03955621714704 ex
536 13.1300036427565 0.528019732097164 4.59789611701854 ex
537 9.58635914302431 1.32999429479241 3.52359490422532 ex
538 13.3334373636171 0.367368604522198 7.3025997034274 ex
539 15.2061954247765 3.08607396436855 3.35092741553672 ex
540 10.8124825719278 5.05308632459491 0.614128100220114 ex
541 15.4254675072152 2.50484736007638 0.0732083385810256 ex
542 15.9256773600355 7.00171000766568 6.11654220381752 ex
543 10.1158168325201 3.16234343405813 3.12377167097293 ex
544 13.955006047152 6.4560874288436 1.7585902872961 ex
545 10.4684612930287 3.42982232710347 6.95712605514564 ex
546 11.2132393044885 3.7009366818238 7.30493043293245 ex
547 11.1601533512585 7.65543481428176 4.68717284104787 ex
548 12.8332360596396 4.14703717059456 1.08856399124488 ex
549 13.8105255838018 5.90560153918341 6.41803297144361 ex
550 12.6406614624429 0.6848082204815 4.09939640783705 ex
551 11.0599128969479 2.90423874487169 2.38349138433114 ex
552 15.5256693800911 6.00588430906646 0.0262107977177948 ex
553 12.0497869194951 3.48089235601947 7.11112474789843 ex
554 10.9615197242238 3.99806759296916 1.39351198449731 ex
555 11.7902698654216 3.4641240676865 0.87911511096172 ex
556 13.8719366702717 1.03288265131414 4.32180270669051 ex
557 9.71880773128942 1.47681632521562 5.08487952477299 ex
558 15.4919756290037 5.34277846477926 5.74306679726578 ex
559 13.6225434895605 1.10752768442035 0.48837963026017 ex
560 12.5095311636105 0.162810660898685 6.07117307488807 ex
561 13.1194177682046 7.58749304292724 2.81758428597823 ex
562 13.242796998471 0.111642136005685 2.33178123016842 ex
563 8.08562840847299 7.60916725173593 1.58198142424226 ex
564 8.4465954748448 4.91559784323908 5.82494440907612 ex
565 12.0969987672288 7.87532415683381 5.44749086792581 ex
566 10.9366440721788 7.6453343059402 4.75160928512923 ex
567 9.18862193520181 4.074680441292 1.93294170615263 ex
568 8.92394858272746 3.38269581599161 7.35939507046714 ex
569 15.6082715170924 5.23213433660567 1.0821084023919 ex
570 10.6607900825329 3.15853851521388 7.33006172487512 ex
571 8.58374408422969 1.3165845181793 1.72312007658184 ex
572 12.004410604015 4.81972359796055 6.75732485181652 ex
573 8.54988212115131 2.93215213739313 3.34480764134787 ex
574 13.0949442095589 1.99658608622849 6.14166970574297 ex
575 15.846838575555 2.45815090904944 4.94413162441924 ex
576 8.70062157814391 0.183952246094123 1.32886168709956 ex
577 15.1896093813702 1.15549995028414 0.928017418365926 ex
578 13.5171436367091 0.19875839469023 0.573961270740256 ex
579 10.7009525210597 5.66149664018303 4.41919772746041 ex
580 8.35225342772901 6.76917133852839 7.98605894506909 ex
581 8.35886444919743 6.59663526504301 3.80292330146767 ex
582 12.7640045613516 2.51246952917427 7.24764320463873 ex
583 15.1278422498144 7.45530182332732 2.23017104854807 ex
584 9.55950913624838 1.01868928293698 4.69409085204825 ex
585 8.75328541477211 4.90064148884267 4.47615119512193 ex
586 13.1445472680498 4.84091052506119 2.63007197761908 ex
587 11.7646117007826 4.3611252438277 3.34551357850432 ex
588 15.2724542145152 4.56608591461554 4.58598258928396 ex
589 10.8695571890566 1.0296626619529 4.11740449094214 ex
590 15.1441013647709 5.82364440127276 6.65914146532305 ex
591 9.50770342163742 3.5777724145446 3.602551874239 ex
592 14.236836776603 3.46609001513571 3.19082555593923 ex
593 14.2387328976765 3.82372652110644 7.42281849565916 ex
594 10.4033022301737 2.97134473989718 2.74286633799784 ex
595 10.1325011525769 5.49318282282911 3.63564837910235 ex
596 14.6225757598877 0.43878946499899 3.08625035639852 ex
597 10.7180878135841 6.10718872305006 5.99448355543427 ex
598 8.34348722267896 5.70711486809887 0.65122900577262 ex
599 14.5341542954557 1.80582253681496 3.96190654742531 ex
600 15.9276876610238 7.14172080042772 1.0154166794382 ex
601 15.952368163038 0.907527393195778 7.24215002125129 ex
602 13.1594339583535 5.38202204252593 4.08758118003607 ex
603 14.2020932456944 6.58334280317649 0.996761623071507 ex
604 8.42272033635527 0.219571919646114 2.59434667509049 ex
605 14.5802188850939 0.867862530285493 1.01656559901312 ex
606 13.1091989430133 1.31626266567037 7.13212460419163 ex
607 9.76525131426752 0.195607813540846 1.15656306501478 ex
608 15.0719710469712 3.82511826860718 1.41827901825309 ex
609 12.980553568108 2.8890160236042 3.28088250011206 ex
610 14.3327274559997 6.63373464765027 5.79826200008392 ex
611 12.2900950317271 4.7985628657043 0.242533585056663 ex
612 11.1143214781769 2.74539571860805 3.50703173875809 ex
613 8.91219517122954 4.62945542787202 1.56262097368017 ex
614 8.40753794065677 2.1072578842286 2.42078986624256 ex
615 12.9683280694298 5.38124871440232 4.33838657103479 ex
616 9.09816136676818 3.26895623886958 4.1050574129913 ex
617 12.208362180274 5.30841965321451 5.01426949887536 ex
618 15.3350606274325 1.69529675995 2.04607048653997 ex
619 11.3995014219545 0.886631077853963 3.65604900149629 ex
620 8.55174667807296 1.14102629432455 0.025025243870914 ex
621 14.642045131186 3.59073385037482 2.17247734894045 ex
622 9.11650300887413 5.86667110701092 4.88669510860927 ex
623 11.3346732107457 2.84826854406856 0.314091408159584 ex
624 11.1661745943129 1.33340404112823 1.59201349969953 ex
625 8.49819596111774 4.22792953881435 2.77407812862657 ex
626 15.1626700852066 0.704790033167228 1.87430500169285 ex
627 14.9333000143524 2.78933039912954 3.39921457949094 ex
628 13.8857677506749 3.46146503952332 4.79176044883206 ex
629 12.0654918760993 2.12329449644312 5.33428451581858 ex
630 13.4315638463013 7.28251210949384 5.70444790739566 ex
631 10.3645425017457 0.288747998187318 1.82232622941956 ex
632 15.5505874003284 3.21709415293299 6.73870019963942 ex
633 13.1846023669932 5.97404555999674 5.15115379099734 ex
634 10.1804076181725 0.525988386711106 0.496484413743019 ex
635 10.8901045015082 4.35290096956305 4.04390974785201 ex
636 11.2355692505371 1.65320780454203 5.30693458160385 ex
637 14.3404204619583 2.0195288893301 6.81288017611951 ex
638 14.372591169551 7.30702158552594 7.93284323462285 ex
639 12.3629219150171 7.73781012743711 1.59868667740375 ex
640 11.8448556542862 0.578925183042884 5.75850042840466 ex
641 9.79270270862617 0.252343301428482 2.39986509596929 ex
642 14.5164356597234 4.11241107713431 6.62734549096785 ex
643 11.6667877580039 5.3247807205189 5.98457575822249 ex
644 12.649683796335 0.266834196634591 2.62357508647256 ex
645 9.06752212624997 5.44141753995791 0.62251033866778 ex
646 14.6132423463278 5.59732713061385 5.65367690334097 ex
647 10.8243341706693 2.74780214810744 0.138193946331739 ex
648 13.7526808853727 7.31906136241741 4.87233564071357 ex
649 14.4154341400135 3.76639617444016 4.5226391418837 ex
650 8.88603742211126 7.95257074106485 6.160211780807 ex
651 10.0419634354766 2.57431004196405 3.99198389635421 ex
652 9.11671022442169 6.80635230941698 7.94170387042686 ex
653 8.19377894373611 1.27571411011741 7.14231566200033 ex
654 13.4211787178647 1.22167011839338 5.74451344762929 ex
655 8.06903157499619 0.642742328578606 3.02945595257916 ex
656 13.6251537154894 2.17329089320265 1.829161263071 ex
657 12.5482459913474 2.00001839594916 0.229920397745445 ex
658 13.4397090249695 5.63459532754496 0.892368997912854 ex
659 13.3563031910453 7.04321881639771 3.01276631047949 ex
660 10.6082518305629 3.88361551659182 0.740044989390299 ex
661 14.5466836630367 3.63327882951126 6.51280346419662 ex
662 8.81755691207945 4.14719316153787 3.16353631601669 ex
663 11.1049770463724 6.7361669128295 2.04493343061768 ex
664 13.1871389788575 6.38486405904405 3.13290702854283 ex
665 15.7063104324043 2.25284949177876 7.15850648540072 ex
666 9.74990752688609 2.1897815822158 7.46140164672397 ex
667 11.4736229206901 6.16113330982625 5.19682822399773 ex
668 8.9089703571517 1.82295812410302 6.21816775156185 ex
669 11.1365184148308 7.9739125748165 7.35324077145196 ex
670 9.73148782737553 0.34777595475316 4.84222693298943 ex
671 11.4398742385674 4.15916775492951 7.62758176238276 ex
672 15.3627305338159 6.5359791428782 1.89426475763321 ex
673 10.4645087879617 4.54269727924839 7.29414938227274 ex
674 12.9253327960614 0.913045434746891 3.76494858879596 ex
675 11.8022427079268 4.8004134837538 0.0948646040633321 ex
676 13.7161671763752 6.49150008428842 0.0579413324594498 ex
677 15.176514382707 0.0871173199266195 5.46777964779176 ex
678 14.1365632996894 2.90709891403094 2.86053300835192 ex
679 9.30488681723364 7.73376443912275 3.03052162844688 ex
680 14.8625211638864 5.99534336547367 1.60963398450986 ex
681 8.22071006800979 7.5589928238187 4.83401239220984 ex
682 9.13881345675327 5.13751742010936 6.54669422935694 ex
683 15.386139190523 5.39322248380631 0.848128486890346 ex
684 11.9092445743736 0.901907379506156 7.48318491782993 ex
685 10.0642468859442 5.23392552789301 1.68882115231827 ex
686 14.0689777710941 4.82845276826993 0.337226625299081 ex
687 8.42325174319558 7.61559475050308 5.10689256805927 ex
688 11.3975489654113 5.98875400074758 3.21265533496626 ex
689 12.5847713358235 6.84004195616581 5.78977400669828 ex
690 12.0513975287322 5.0027109880466 3.95178565452807 ex
691 8.61021957662888 3.82760989596136 6.34509986452758 ex
692 15.4816509194206 4.64214064227417 1.48017405718565 ex
693 9.47537884884514 6.10075789620169 5.22438868111931 ex
694 11.8134536973666 5.87474095611833 6.50930635468103 ex
695 13.1448746381793 4.31514138774946 0.268492506118491 ex
696 12.6326574266423 3.27893784269691 4.06839639763348 ex
697 15.3637995810714 3.73590055434033 2.20273066335358 ex
698 12.5849465795327 6.08491384214722 7.53439734317362 ex
699 9.15269809798338 2.60084985545836 2.18885320448317 ex
700 15.5719174335245 0.52794747450389 4.89497188711539 ex
701 14.3320486634038 5.51143457530998 2.95699054817669 ex
702 12.6079673487693 7.92306760512292 3.83735555666499 ex
703 10.5779128936119 0.403335945215076 2.78008995880373 ex
704 10.9880429534242 3.53676753304899 4.08268615603447 ex
705 10.7080648506526 2.95477090310305 7.6406599925831 ex
706 8.32268964499235 3.01425536419265 4.13411571457982 ex
707 8.70661239302717 4.67698519397527 6.67097132373601 ex
708 9.0972460731864 7.71146894874983 0.537214350653812 ex
709 9.45075518311933 2.35264838067815 0.711249916581437 ex
710 15.1351824994199 7.40093554113992 0.25963420374319 ex
711 9.56443703616969 3.94823230220936 5.5877825836651 ex
712 12.6473875087686 5.15599154680967 1.75974527886137 ex
713 14.5071997921914 2.07143601193093 5.73100121552125 ex
714 10.5075461191591 5.71249368670397 5.19219763833098 ex
715 14.1818251465447 4.51860318984836 3.09267636132427 ex
716 15.2258796726819 7.130468925694 5.78720699623227 ex
717 8.94319695746526 6.10997612657957 1.77579879295081 ex
718 14.3447799354326 5.49426566786133 3.07325791148469 ex
719 9.11693660425954 6.70641105319373 2.20112552051432 ex
720 14.2398523057345 2.46832992089912 1.62466497253627 ex
721 9.48483877605759 4.05307531612925 0.993210605345666 ex
722 11.8878823651467 7.84410321991891 0.686581699643284 ex
723 9.00343900546432 5.53374359989539 7.45313030923717 ex
724 8.27981886430643 1.51142620178871 2.98403790965676 ex
725 10.1938890446909 7.77094348915853 0.024149599019438 ex
726 9.01467220671475 1.12769576231949 1.9728651905898 ex
727 11.6442406307906 4.17664459673688 4.88086425536312 ex
728 11.5143203809857 0.0493668809067458 4.43198467278853 ex
729 11.7349456835072 5.28237728099339 1.89972134376876 ex
730 12.0808108770289 6.88654493237846 3.22041859477758 ex
731 8.41808798885904 5.074490447063 1.45970874419436 ex
732 9.2746990902815 2.08756522159092 4.36118132784031 ex
733 9.84632680169307 2.84865238564089 3.25264944368973 ex
734 9.41040484979749 7.57360807200894 5.5586118970532 ex
735 14.2457803871948 2.02762411627918 4.8738082263153 ex
736 14.1856996549759 4.67175302142277 2.19859471055679 ex
737 15.1398414978758 1.98723211768083 4.43663663812913 ex
738 11.071416888386 1.65089964307845 3.53678154596128 ex
739 15.3498202147894 2.54268459836021 5.73208454204723 ex
740 13.9888950211462 3.37265199003741 0.719608169281855 ex
741 8.4630044917576 7.42361360439099 3.47608470800333 ex
742 15.7687372718938 5.21934239915572 2.39695343282074 ex
743 11.9636146626435 3.17033234494738 2.12490824749693 ex
744 12.8177089770325 4.01627733092755 4.11262478376739 ex
745 10.0887149339542 6.9256854490377 2.05907369661145 ex
746 10.6192848843057 2.83895685477182 6.81014994648285 ex
747 15.3600116288289 0.0792492041364312 6.73278405633755 ex
748 11.4662179902662 0.32070711045526 6.61253619054332 ex
749 11.6231917941477 1.72977233259007 6.80017266469076 ex
750 12.1242676214315 0.710688342573121 5.89098558342084 ex
751 14.8877044224646 2.56470146612264 0.781717576785013 ex
752 9.6874267552048 4.46296430146322 4.80526824155822 ex
753 13.7589474234264 3.70308165764436 3.63773495936766 ex
754 10.1973549067043 6.59431182709523 4.4525543730706 ex
755 11.8572739285883 0.664916689973325 2.44044903479517 ex
756 14.0129657906946 5.31023948499933 4.88904304429889 ex
757 9.1956856388133 2.34455202380195 5.56104379985482 ex
758 13.5139671135694 1.51290152338333 2.86509454925545 ex
759 14.9192851339467 7.14684071228839 4.3127608387731 ex
760 8.31543564493768 3.14152952143922 1.64140086597763 ex
761 9.1650807952974 3.01620530569926 2.87243624054827 ex
762 9.75413733674213 3.25772403599694 1.2959833946079 ex
763 15.1515782352071 4.59525168640539 2.19541197619401 ex
764 15.8626993375365 5.36671257717535 4.2418477286119 ex
765 13.5266799835954 3.6535273627378 1.87606033077464 ex
766 11.8611119503621 2.63831275166012 1.89565495331772 ex
767 8.27387889754027 7.24218544317409 2.70082419877872 ex
768 14.6696804710664 1.72474185936153 1.23981182975695 ex
769 13.5844211697113 3.06157258502208 6.31450575962663 ex
770 12.2100860739592 6.94136283849366 2.07147385668941 ex
771 10.9076363667846 7.02784801949747 7.06100375996903 ex
772 13.6090371722821 6.22142851538956 2.70883044833317 ex
773 8.52008690778166 2.43164927349426 6.61396901239641 ex
774 15.460364411585 6.01554408692755 5.21182069228962 ex
775 13.1466988793109 6.42633508285508 6.46245534415357 ex
776 11.3021906665526 2.81616161810234 4.42148089036345 ex
777 15.8578240335919 7.90105109941214 3.05757059762254 ex
778 8.22799615445547 0.800670862197876 7.83846660214476 ex
779 15.5824396081734 0.0559753593988717 2.27872765576467 ex
780 13.1577532752417 4.69021262717433 6.58581447647884 ex
781 11.7773622279055 5.49173155752942 7.18396856077015 ex
782 10.8715252645779 1.93910932331346 3.91094900900498 ex
783 9.1596105825156 3.56617055600509 6.42438638885505 ex
784 11.5790435723029 2.64805243397132 7.93077387008816 ex
785 13.4859032554086 4.30302010243759 5.82171295513399 ex
786 14.5133606959134 0.0378696119878441 5.03589779371396 ex
787 14.4051619800739 4.04367546760477 7.53695976757444 ex
788 8.66966183762997 1.68624491500668 3.32983896578662 ex
789 9.99494858761318 5.43400746025145 1.42007087054662 ex
790 8.08570963284001 5.54374603414908 2.46029256633483 ex
791 11.7046577334404 7.50947950943373 6.61880937917158 ex
792 14.020239681704 6.28495186078362 3.6291676950641 ex
793 11.1871757630724 1.69811616349034 7.20286143710837 ex
794 9.15457402030006 6.73952237283811 4.85669309808873 ex
795 8.10474756569602 3.69074137904681 5.93262958433479 ex
796 10.0747923715971 2.99791191308759 5.63111256319098 ex
797 12.3055591979064 7.65273384796456 7.15099515090697 ex
798 12.6671754498966 2.52512362995185 6.26479674503207 ex
799 9.28611774649471 6.03039456019178 1.31873547937721 ex
800 11.7382136329543 1.38320234208368 0.0732960780151188 ex
801 8.82356361532584 0.845957038458437 6.20011010952294 ex
802 10.7629014570266 5.861883406993 6.8980721081607 ex
803 10.9267787800636 0.273475023685023 3.90305226598866 ex
804 9.08896322944202 1.95787485851906 0.0452648252248764 ex
805 11.6893990428653 6.1852087196894 3.33986858837306 ex
806 13.8896721021738 2.74550163792446 2.05036390922032 ex
807 14.6415907423943 6.96307816100307 4.33426714036614 ex
808 10.6785158142447 4.37251743115485 1.95303322817199 ex
809 9.11541738151573 5.51714140851982 3.65600094338879 ex
810 9.97735581896268 4.61909884912893 7.65366162196733 ex
811 14.1283077166881 7.60694584366865 6.42229969264008 ex
812 11.8347582288552 5.10535205039196 2.98825371661223 ex
813 13.27684385865 1.06959433155134 1.00633914652281 ex
814 9.23117553116754 4.78076792578213 2.42880613636225 ex
815 12.5165677985642 4.12642966932617 5.9761487278156 ex
816 11.0719322708901 0.590126613155007 1.02652116981335 ex
817 12.2163077082951 3.13887029420584 0.480403799796477 ex
818 8.78536272305064 3.37428722833283 3.00316070346162 ex
819 15.0173293880653 3.96276494371705 4.08299142308533 ex
820 14.2327981905546 0.724103288725019 4.70645591802895 ex
821 12.0818055295385 0.352982774144039 7.11097313300706 ex
822 15.6872797859833 4.94419350358658 6.05556289711967 ex
823 15.8298587771133 5.94890836672857 3.7786019872874 ex
824 8.05410184920765 3.81133538787253 2.61716848774813 ex
825 11.1453233181965 3.07416694704443 3.1453233177308 ex
826 12.645652054809 7.16891554859467 4.7855138538871 ex
827 13.1029978599399 0.56277103559114 6.50583480251953 ex
828 12.2333272616379 0.337359584635124 1.68566912529059 ex
829 10.5472242659889 7.01727211172692 6.80834979261272 ex
830 9.50405220570974 7.51892372965813 7.73453406314366 ex
831 12.849837790709 6.4565767752938 1.75938418554142 ex
832 14.531385417562 7.61221378459595 2.54148291307501 ex
833 10.3791969094891 6.94756068056449 0.80820785369724 ex
834 12.20425931504 7.44177194335498 0.998455171007663 ex
835 15.1970110761467 2.16353522567078 6.22492264537141 ex
836 15.2405004440807 5.19800501526333 7.86891092732549 ex
837 13.4397642926779 2.10467296047136 0.443365990417078 ex
838 10.8380221039988 1.20868738787249 1.03912645555101 ex
839 12.6990405197721 5.99285299284384 7.97591530764475 ex
840 15.7963482206687 4.22377791628242 3.7534372266382 ex
841 12.4202105586883 1.98654598835856 0.00282828789204359 ex
842 11.193105225917 5.82049365504645 4.76038177404553 ex
843 11.0962908449583 4.56214190088212 2.33516692114063 ex
844 14.1211955423933 7.27731135697104 5.59738996927626 ex
845 15.899577781558 1.11881698807701 6.32963090995327 ex
846 13.8434644192457 5.92771838256158 3.48779301065952 ex
847 8.11092606186867 1.38155002798885 5.68822429468855 ex
848 15.3731830369215 7.51913090818562 4.0084957764484 ex
849 8.21262730308808 0.334415366873145 0.978079036576673 ex
850 12.7189745199867 1.27687071473338 5.57257905951701 ex
851 11.730970996432 5.33169979136437 0.820824038702995 ex
852 10.320970132947 4.43672700109892 3.31610843562521 ex
853 13.6924327022862 0.5140410521999 1.73900241381489 ex
854 14.6937879566103 0.655386534519494 0.379228593315929 ex
855 10.4275788520463 4.60689323628321 6.29374609398656 ex
856 9.47130962251686 1.16977482754737 2.62676647002809 ex
857 13.4462915482 4.06624803692102 1.15665239561349 ex
858 9.88813419896178 2.45676489337347 1.46708275238052 ex
859 10.8957523810677 1.9175494608935 6.97953999205492 ex
860 10.3061033447739 7.04198241559789 2.07124047796242 ex
861 11.9481205923948 3.03666727105156 6.12067049392499 ex
862 8.6687320554629 2.34233161853626 1.56283536599949 ex
863 12.2507125383709 5.45876093232073 2.84128154744394 ex
864 13.7872876203619 2.32136965193786 7.75831468752585 ex
865 12.2890083065722 3.79306156095117 5.1850280656945 ex
866 13.6403873665258 5.4986463568639 1.53038996714167 ex
867 14.9241388696246 5.75040474161506 0.801764697302133 ex
868 13.8679847503081 4.86498620780185 3.4582660717424 ex
869 15.6975607394706 1.76751331146806 3.64560500415973 ex
870 13.2912372439168 2.57369911368005 6.67518119956367 ex
871 13.1061576788779 1.1444418663159 3.64215810107999 ex
872 13.659461213043 6.92015205021016 7.59286244912073 ex
873 14.3549777197186 1.90104336244985 0.150412023067474 ex
874 14.3094994188286 1.28890137327835 6.68044339795597 ex
875 11.9880386949517 7.81531620793976 5.93635948677547 ex
876 9.20199224958196 4.13944413955323 5.05957747390494 ex
877 10.1690827724524 1.58787144906819 0.396007347619161 ex
878 14.6347919011023 4.32562434440479 1.03282341966406 ex
879 8.85303124273196 5.32237264490686 4.98416459839791 ex
880 8.17744494671933 1.87923000683077 4.84564106538892 ex
881 14.4731644263957 3.35933480830863 1.90626121754758 ex
882 15.92818306759 0.0886114307213575 3.02041061478667 ex
883 9.20294674718753 2.79032169608399 6.70515957172029 ex
884 10.1329076322727 6.0731816124171 7.09857126581483 ex
885 8.27213186840527 5.33069126261398 7.2584267728962 ex
886 15.635219206335 0.570558740757406 0.203346581198275 ex
887 11.8125470934901 6.3339261545334 7.05849277600646 ex
888 9.78578736796044 0.101969742681831 5.43798529356718 ex
889 9.030165506294 3.15199502394535 0.945485938107595 ex
890 10.2952268968802 4.74047153419815 2.36456381063908 ex
891 14.8298054805491 1.06626506149769 2.25776590500027 ex
892 15.9657382671721 2.40641034860164 1.21530759404413 ex
893 14.3161187036894 6.92468880931847 6.06587186106481 ex
894 12.3772087530233 3.16679399739951 1.54480411508121 ex
895 12.1309300884604 1.30587690602988 6.52695967420004 ex
896 8.32880410901271 4.01123730605468 7.14560025022365 ex
897 14.9399031554349 4.058406179538 4.03415591525845 ex
898 12.1230400567874 6.89225456560962 0.592774885706604 ex
899 9.92503232834861 5.24254239303991 2.93732571671717 ex
900 8.98968956503086 7.33979604626074 7.22783707384951 ex
901 14.7166713643819 1.53899197326973 7.29686042084359 ex
902 11.4018451315351 2.53930211416446 6.74178676703013 ex
903 14.1225132453255 1.232150928583 4.89647778659128 ex
904 8.19965570117347 2.32244063261896 7.83174872375093 ex
905 13.9164927613456 2.33494589757174 5.71691524423659 ex
906 15.2501261783764 3.72678830614313 5.14270132430829 ex
907 12.5019063996151 7.14938437170349 6.30991337355226 ex
908 14.7013796358369 0.928167757578194 6.93693440873176 ex
909 12.9365963984746 1.49034359538928 3.93222247902304 ex
910 13.1144933726173 7.47321311989799 1.67167455144227 ex
911 13.021931043826 3.25749645964243 7.62877143337391 ex
912 13.7724820219446 6.82091847807169 4.20376780279912 ex
913 14.4929673809092 6.47308878973126 2.48696692101657 ex
914 10.8097194260918 1.70508451503702 2.00731350528076 ex
915 8.35302084684372 5.59574935678393 5.12570463237353 ex
916 11.7152293147519 6.49936449434608 6.46635307883844 ex
917 10.8447698112577 6.18471643468365 6.64116386324167 ex
918 13.3995162022766 0.3865416708868 3.16685816762038 ex
919 11.5098999321926 4.73200645064935 1.60845268075354 ex
920 9.75717774359509 0.339722342090681 3.07662294665352 ex
921 14.2963336613029 1.40700880787335 5.12937715067528 ex
922 14.3086592773907 0.906486124964431 2.02028790977784 ex
923 15.3668249924667 6.87780357082374 4.70789482886903 ex
924 8.76308389171027 5.00530435121618 3.9320723656565 ex
925 10.5092119388282 6.92718341224827 1.78702853410505 ex
926 11.9989621567074 4.11008646129631 6.8899932987988 ex
927 10.9820660722908 7.91915922821499 1.17012829799205 ex
928 9.37441905308515 4.62673479411751 3.17532608075999 ex
929 8.2737980990205 2.54333993722685 4.66320423828438 ex
930 10.967941312585 0.572892450960353 4.48506611213088 ex
931 10.2458300457802 2.35121384938248 1.64917697291821 ex
932 11.2174024118576 1.1733513798099 2.10505266883411 ex
933 11.4226213102229 3.54334971983917 5.69754196051508 ex
934 12.4973218753003 1.32772704749368 7.67913520429283 ex
935 14.0054092700593 5.11594737065025 7.65158500685357 ex
936 11.8536266954616 6.07713094446808 0.165574833517894 ex
937 9.56170697510242 4.86380932712927 6.53730690875091 ex
938 12.9302974112798 2.0015759698581 4.93912259652279 ex
939 14.4832549232524 4.02809128910303 5.00216949172318 ex
940 11.6145261677448 2.34509545681067 5.21149479690939 ex
941 11.1600436256267 7.713454102166 3.91324851685204 ex
942 10.3075763855595 0.946937261614949 5.65517065743916 ex
943 10.931983447168 2.89376243809238 4.42005677125417 ex
944 15.9984891684726 4.12808676389977 0.0046759769320488 ex
945 13.1569344499148 3.76961987721734 2.95088670169935 ex
946 10.3422456688713 0.731237677158788 6.97395713953301 ex
947 15.9004605847877 2.32135568372905 3.17499740119092 ex
948 10.5408431214746 5.49506635195576 2.24604735500179 ex
949 15.1347862859257 1.55735017429106 1.59944566898048 ex
950 14.8716589754913 7.41633769497275 3.44749965937808 ex
951 14.569806042593 2.25963994883932 7.0637567397207 ex
952 8.10679074586369 0.130269323242828 4.60574097675271 ex
953 8.02385297860019 2.99550709826872 5.5302163164597 ex
954 10.4958563379478 0.511268944712356 7.77020101691596 ex
955 8.77253670338541 6.30942006129771 6.2620271705091 ex
956 12.7249763568398 5.86618766305037 0.536331504816189 ex
957 9.36499463301152 1.47565455758013 7.89703194447793 ex
958 9.54885776364245 5.11492506391369 5.35225265449844 ex
959 13.9355524547864 3.74030894972384 5.01787334890105 ex
960 11.7001774036326 6.10292341629975 4.42601760802791 ex
961 13.1144804104697 2.20442915894091 3.97707949951291 ex
962 12.2522697527893 5.28996233968064 6.84134547412395 ex
963 14.9027103241533 7.86004664562643 0.532778097316623 ex
964 15.3518832263071 6.14338067942299 7.90655818837695 ex
965 8.00836135284044 6.35299318400212 0.636613065144047 ex
966 14.4602643088438 6.42481924593449 7.59854558645748 ex
967 12.2056934109423 3.06301486003213 2.82698302180506 ex
968 13.0981441182084 0.522879040567204 5.20641688187607 ex
969 9.9425580012612 0.591549731325358 0.830847422592342 ex
970 15.3906159645412 7.69539039279334 7.12433047778904 ex
971 14.5144027525093 0.666402318980545 7.30359664000571 ex
972 15.9490772357676 6.75946247135289 6.24567388975993 ex
973 12.4569183979183 4.08535248250701 7.72812632005662 ex
974 8.0391716118902 6.53588109090924 5.21114244358614 ex
975 14.8800161203835 5.64176958659664 6.89939630427398 ex
976 9.6796150689479 6.41807793499902 0.564771181438118 ex
977 10.7746929000132 1.37162696011364 5.37498034955934 ex
978 8.16639138245955 2.0084149565082 0.699628132628277 ex
979 13.4816608869005 5.9126035165973 2.93241072376259 ex
980 9.95989122614264 6.42024938832037 3.37130956142209 ex
981 8.04843959561549 4.46465704008006 0.477469015168026 ex
982 12.1799095629249 0.106327016372234 0.36261708335951 ex
983 9.83918907539919 6.33215444325469 6.77243062923662 ex
984 11.5073254774325 3.8777097412385 1.89316565985791 ex
985 8.74236975098029 5.78486715536565 6.05997470580041 ex
986 13.7996015867684 7.12088094488718 6.64215082093142 ex
987 9.92773782834411 7.88186809653416 6.89722907706164 ex
988 9.86843089782633 0.5633028766606 6.62249769456685 ex
989 15.4338398072869 6.10728314705193 3.21319338236935 ex
990 8.43956986116245 3.10208853869699 0.462537901941687 ex
991 12.2587709443178 7.55000067828223 2.52167809475213 ex
992 10.9999251584522 4.66757277329452 5.61944940849207 ex
993 11.8530091741122 6.65208061179146 1.96366844372824 ex
994 12.9228172029834 1.2338253678754 1.25108051626012 ex
995 9.66473266482353 7.23978327261284 2.88571574515663 ex
996 11.6510176733136 7.57146215462126 1.48646273952909 ex
997 11.4784767727833 7.66779175051488 2.39134230464697 ex
998 11.458727743011 0.701282789232209 0.485411185072735 ex
999 15.1036124376114 1.58445595763624 7.52509119687602 ex
1000 15.1831966924947 4.78045779420063 5.41976504679769 ex

