# 1000 of 4000
# Minimum x: 0
# Minimum y: 0
# Minimum z: 0
# Maximum x: 16
# Maximum y: 16
# Maximum z: 16
# <local id> <pos x> <pos y> <pos z> <type>
# Number of local subdomains: 2
# Local subdomain 0 boundaries (-0, -0, 8) - (8, 8, 16)
# Local subdomain 1 boundaries (8, -0, 8) - (16, 8, 16)
1 7.69867485133 7.42620117869228 13.7653896529227 ex
2 6.1185925763566 0.448608481092378 15.8147036565933 ex
3 7.56569010415114 2.02565369196236 11.5367128141224 ex
4 4.89051849278621 1.92705041705631 9.99337679124437 ex
5 2.88494895817712 2.19240873493254 14.4305415276904 ex
6 4.027833892731 4.45286331418902 14.8076997189783 ex
7 4.59154375898652 1.82966515631415 14.8079343086574 ex
8 7.08741400111467 3.28787406673655 9.61387585476041 ex
9 2.57836223300546 4.08233677526005 9.01305618230253 ex
10 7.71055872039869 6.43047005753033 10.5605748295784 ex
11 2.12773478031158 2.87199294380844 9.54820499219932 ex
12 7.13314935751259 7.5718883825466 14.7645135463681 ex
13 1.48098481213674 5.65096088917926 14.8702707542107 ex
14 1.45047622313723 1.3939872586634 14.5817701597698 ex
15 7.21889053215273 2.08420932618901 8.34514878760092 ex
16 3.91736400639638 7.08829091116786 15.822285534814 ex
17 3.1520575187169 4.50052121584304 11.1636536116712 ex
18 5.58288994780742 4.48874657531269 9.76148193771951 ex
19 3.4483021912165 4.24972742027603 15.7292952621356 ex
20 0.177947126328945 1.43832743237726 8.72354801977053 ex
21 0.697792708408087 7.45586906024255 13.2914120606147 ex
22 5.75441964436322 0.372196760727093 13.2222105655819 ex
23 0.149768413975835 3.93313152808696 10.9126082020812 ex
24 2.0774136071559 0.446396639337763 13.8748657561373 ex
25 7.27745707402937 1.94470456661656 15.1324374203105 ex
26 5.41467410698533 3.44843269139528 11.2913606557995 ex
27 5.3566785629373 6.99990034289658 8.60893298313022 ex
28 6.00075582624413 3.20886326488107 11.9679094979074 ex
29 3.34552014805377 6.70960879698396 13.5990046779625 ex
30 4.85219735465944 4.73414677847177 15.9562919877935 ex
31 2.15527562983334 7.72657212847844 12.9366069338284 ex
32 7.70720743457787 5.63742152531631 15.0312733282335 ex
33 6.61854211916216 1.81005359999835 9.8133768227417 ex
34 7.93923452706076 2.06970324134454 9.14824587595649 ex
35 7.21553943911567 2.908015943598 10.6693207100034 ex
36 0.0556472248863429 0.412880461895838 8.53723562601954 ex
37 3.34915982955135 1.38782312674448 12.5514732787851 ex
38 2.35493027069606 5.06029813876376 11.803796188673 ex
39 6.40930979466066 5.35163558879867 9.86217572400346 ex
40 2.54072305932641 3.63010225910693 11.6933635333553 ex
41 0.310239480575547 7.92710295598954 8.57009329134598 ex
42 3.16833251644857 2.59818914229982 8.35884252097458 ex
43 7.5230264372658 0.548198443837464 13.7990335421637 ex
44 3.25255421176553 2.71913746534847 14.8394560704473 ex
45 7.53099597850814 1.49766793567687 13.9362415634096 ex
46 7.85646243207157 6.02662662719376 15.8910509366542 ex
47 7.88429607334547 4.31698539969511 10.623969236156 ex
48 6.77093059313484 4.38406558334827 8.68358435784467 ex
49 0.63695334084332 3.70529882982373 15.9996749993879 ex
50 0.909423145232722 7.07682880875655 12.7095593751874 ex
51 6.31636649533175 0.891569003695622 14.4829238068778 ex
52 2.87271855981089 3.20248712482862 14.8550471055787 ex
53 6.16655264724977 4.80686755129136 10.033509142464 ex
54 5.8772314931266 3.83831661310978 14.613378345035 ex
55 7.69458584510721 2.31895538768731 13.4647850561887 ex
56 4.52319113980047 6.2660094127059 14.0497237057425 ex
57 6.38254688656889 0.472994922427461 8.38314076885581 ex
58 4.54390816041268 7.16228493652306 14.6767868464813 ex
59 2.32660520728678 6.63228333648294 15.2062187523115 ex
60 7.77112096990459 4.23537556151859 13.7703353096731 ex
61 0.461748227244243 7.35044129518792 14.1429723985493 ex
62 0.0326011928264052 1.40936700650491 10.0391843202524 ex
63 6.25845437822863 1.92321117874235 14.8686175777111 ex
64 0.49949957174249 5.22100595664233 12.1892842680681 ex
65 7.59473261004314 4.80800051195547 11.8902889471501 ex
66 0.704199154861271 5.35183898243122 15.7927112705074 ex
67 4.90742433886044 1.73862359113991 12.318283124594 ex
68 3.90341373742558 2.37521560257301 15.0793918834534 ex
69 1.42454404593445 5.26426904043183 12.8812490487471 ex
70 7.47124172956683 0.580669589107856 8.20635188510641 ex
71 1.94213171396405 2.32388622034341 14.2618225552142 ex
72 0.289200438419357 6.65931325568818 12.2750519872643 ex
73 2.27479635202326 5.50058857863769 12.6961571467109 ex
74 7.40781358396634 0.989721363643184 11.16104203742 ex
75 2.57805887539871 7.38603519019671 15.46744255675 ex
76 5.31143639073707 3.08096421207301 9.71283179940656 ex
77 0.304355059517547 2.7727664350532 13.6254597543739 ex
78 1.93528713006526 3.72848303196952 11.9493448194116 ex
79 4.40310550411232 4.71403506956995 13.5806751919445 ex
80 3.86275369487703 1.93218055856414 10.2613886951003 ex
81 4.42036785883829 2.55345655907877 15.399361519143 ex
82 3.60904087359086 3.85698155849241 14.2348795023281 ex
83 5.11111707240343 0.541918286820874 10.3763306019828 ex
84 4.48236977518536 3.37566219037399 11.9553357113618 ex
85 2.66833472577855 6.69624440558255 14.1764293776359 ex
86 2.14024456124753 4.35619916301221 15.3362963504624 ex
87 5.96879869210534 5.75168507988565 12.7687412106898 ex
88 6.76705441158265 4.37917527602986 13.4835855620913 ex
89 3.72560341237113 2.91483783093281 13.9809511296917 ex
90 6.66550261434168 5.45770232565701 11.6509459007066 ex
91 1.66899688099511 3.32562777306885 15.8312038665172 ex
92 0.565944665577263 7.83642879500985 15.3088552944828 ex
93 7.98969847755507 0.552459849510342 14.8864968090784 ex
94 4.71250903280452 6.45943841850385 11.9918689935002 ex
95 6.6410547005944 3.1476445957087 8.97429741849191 ex
96 1.67899952013977 0.519919187994674 11.9573402318638 ex
97 7.97213539294899 1.54658596566878 8.03223190410063 ex
98 5.35954198008403 5.73838318325579 15.6680039181374 ex
99 6.94357771985233 3.51884334115312 14.6513953602407 ex
100 0.0741571865510195 0.799233255675063 15.3700981203001 ex
101 3.60588693292812 0.398117394885048 13.7739785306621 ex
102 4.84300832031295 1.77043372625485 8.9958205493167 ex
103 0.0153319973032922 5.64251386467367 10.4689389022533 ex
104 0.909963327459991 3.56283227610402 8.76127375848591 ex
105 6.4019240566995 1.5305471715983 12.474976231344 ex
106 7.559904855676 1.64910621498711 14.0324151788373 ex
107 5.70431767893024 6.10435819625854 15.695908816997 ex
108 6.76297245849855 1.40695157740265 15.9716940929648 ex
109 2.40629181545228 6.92164195142686 10.7500553179998 ex
110 2.55500774085522 0.76302009774372 11.4530500671826 ex
111 1.08520072489046 5.74585417495109 9.68855094094761 ex
112 4.40942659624852 2.9214522021357 10.5460065798834 ex
113 0.846330326283351 6.68168992828578 8.40635055862367 ex
114 0.559238061774522 1.22835240024142 13.2914342139848 ex
115 6.79683069558814 5.55149937863462 15.1640900496859 ex
116 0.83843236300163 3.40037955204025 9.02531980280764 ex
117 6.96237702248618 7.11019233940169 12.6743507487699 ex
118 7.81575054652058 5.81439505238086 10.4471733423416 ex
119 6.0290041686967 0.772917254362255 9.78733960702084 ex
120 7.92408698424697 6.60517526464537 9.56374485860579 ex
121 1.70536149037071 3.09550504386425 9.43463150062598 ex
122 6.64799863588996 2.09515266050585 9.83347597857937 ex
123 7.46270108711906 2.60480097215623 12.8546257033013 ex
124 3.53530980763026 7.48562262556516 13.9884791199584 ex
125 7.3385375586804 3.79083085479215 8.79347240063362 ex
126 1.93161188089289 4.39166973577812 9.43176566576585 ex
127 7.84857288282365 4.04519413015805 9.55991769884713 ex
128 3.59674421953969 1.78281771950424 13.7479859937448 ex
129 1.24519207072444 7.93421090790071 14.0037614593748 ex
130 2.01465628109872 0.237993269693106 14.4098505235743 ex
131 3.12071804935113 5.91162364464253 15.1585171250626 ex
132 1.51204916741699 6.18865640438162 12.1086552557535 ex
133 2.12166299601085 2.89321800461039 8.2007164771203 ex
134 3.52785689500161 3.41367436456494 11.4185023426544 ex
135 6.18102482426912 4.38011554116383 9.08331914921291 ex
136 7.09282207977958 3.06832190765999 11.5139518193901 ex
137 6.64684117166325 7.23104942846112 14.3679679066408 ex
138 4.23151774541475 4.42085216660053 12.9722337976564 ex
139 6.53582786722109 7.68804529681802 9.45327168609947 ex
140 5.99658974423073 4.15344744431786 8.13600483164191 ex
141 3.04734957241453 4.27668797736987 9.6163528484758 ex
142 0.973096994915977 4.29919851291925 15.8931636575144 ex
143 6.86539773270488 5.46114311367273 8.65218878537416 ex
144 3.11237812181935 0.902523789322004 10.2185721790884 ex
145 2.40760078304447 2.82496773381718 15.3858999540098 ex
146 6.12877719919197 1.76506893732585 11.2484306874685 ex
147 0.46587433712557 4.75575135578401 8.49255342478864 ex
148 7.96462130313739 3.79913381743245 15.4825042916927 ex
149 7.90312781278044 4.21791489538737 12.7331424257718 ex
150 5.46045051189139 7.80215871217661 14.6661397989374 ex
151 5.88272472354583 6.37835471145809 14.9335524253547 ex
152 7.6355251155328 5.53641872201115 14.3928139235359 ex
153 1.525460107252 5.67169906292111 15.9444630753715 ex
154 3.51151509420015 3.07528596045449 13.5571141256951 ex
155 6.05600886349566 6.72346768318675 11.6985454123933 ex
156 7.68443370587192 3.64874273142777 13.8655623237137 ex
157 6.15936114476062 6.694749600254 15.1374103145208 ex
158 0.602595233824104 2.06907761236653 14.0098881467711 ex
159 4.53054787940346 4.00667461450212 10.5388079553377 ex
160 0.753813931019977 0.375059979734942 9.53710453980602 ex
161 6.07975854654796 1.40171852032654 13.1016149867792 ex
162 5.02058758726344 4.19676117040217 14.2490738029592 ex
163 2.03109405818395 2.43425866123289 11.2131021881942 ex
164 7.1391912905965 1.49816963658668 10.3113055031281 ex
165 0.155310418456793 7.05893549090251 10.6451233688276 ex
166 7.52788557391614 5.2522061932832 12.3947819187306 ex
167 2.0710137784481 0.29219816904515 15.3995286740828 ex
168 4.86605495819822 5.64404432149604 14.711140319705 ex
169 6.47607691562735 4.52479124139063 11.7368251353037 ex
170 5.51148532540537 1.74011544301175 14.9797420247924 ex
171 5.16507507418282 6.95639130985364 9.92296049534343 ex
172 6.14536342048086 7.19448361196555 11.7983744523954 ex
173 3.82129102619365 4.06902046571486 14.473654557718 ex
174 4.87633828865364 1.16353924176656 11.9395424157847 ex
175 3.1196703328751 1.83417262719013 8.99494740157388 ex
176 3.41369280940853 5.59512736764736 8.47691784612834 ex
177 4.4006790604908 3.68160454044119 14.383238497423 ex
178 3.96521661011502 1.15521005750634 14.0098775185179 ex
179 1.45226752944291 2.60336859291419 13.0593280589674 ex
180 3.69771973020397 2.62602675682865 11.4544772617519 ex
181 6.68058367911726 5.1023550867103 10.6969416984357 ex
182 1.40765568381175 6.66014797007665 8.50317180133425 ex
183 1.31548896548338 1.37167826341465 8.84503005119041 ex
184 5.74868314852938 6.17293778900057 11.9120206118096 ex
185 2.03318175883032 1.07623494719155 15.6458030773792 ex
186 4.37925337045453 1.01299966173247 10.3516009596642 ex
187 7.68326778686605 3.41981481341645 12.9011206377763 ex
188 2.04927740618587 4.93185853213072 10.0561086651869 ex
189 6.01902599306777 6.53431484708562 9.26167416153476 ex
190 4.95153804169968 2.39047468174249 11.0995433193166 ex
191 4.57161215972155 5.2918018696364 11.2645651563071 ex
192 0.634970023529604 2.2688104219269 12.3049818517175 ex
193 1.36519163404591 1.26126722525805 9.51953244302422 ex
194 4.71079222275876 2.7725905587431 12.6861389295664 ex
195 4.22468534205109 5.44456530199386 13.4332381910644 ex
196 1.37617436400615 3.74815797852352 10.2288723944221 ex
197 6.35557175474241 5.68827202357352 13.7416948119644 ex
198 1.90120046515949 2.44415897410363 15.9628591486253 ex
199 4.40953483711928 6.04484826675616 12.1570277225692 ex
200 3.51801184564829 5.61585203325376 13.8618797506206 ex
201 3.22443233290687 6.00976105523296 14.1040192428045 ex
202 1.81087542115711 0.77350735780783 14.4375546227675 ex
203 5.25982158654369 1.29309636889957 9.12827554019168 ex
204 0.650767333805561 6.07911056443118 14.7574362917803 ex
205 4.4459363874048 5.69140511588193 10.0528119364753 ex
206 5.39842729759403 2.63492468930781 13.3695194788743 ex
207 0.588545834412798 2.98818039777689 15.0458619405981 ex
208 2.59078690991737 4.122713615885 8.74817827856168 ex
209 0.376308958278969 6.84424999775365 10.0291097667068 ex
210 6.73312372411601 0.200891788583249 11.1021477193572 ex
211 5.08036992745474 5.38990400382318 10.5199710763991 ex
212 5.47284189471975 0.0842249097768217 12.1906608715653 ex
213 3.08995266025886 6.73125200532377 8.61397268320434 ex
214 2.49473414500244 6.02097237133421 11.666661511641 ex
215 3.45507918135263 6.59746518102475 12.8114963804837 ex
216 5.85078388592228 0.925146698253229 9.17162529798225 ex
217 7.64436033251695 0.919698424637318 15.2235626347829 ex
218 5.74390949145891 2.35146182519384 15.5013763797469 ex
219 3.21473481110297 5.37101120688021 10.931098961737 ex
220 1.42073654243723 4.93533654604107 11.6075349731836 ex
221 4.75048439088278 0.157625327119604 13.4104840334039 ex
222 0.00858043553307652 5.87459832895547 11.1630797709804 ex
223 7.65644580638036 5.70991912181489 8.62386202602647 ex
224 0.447294767014682 2.87084738700651 8.39973266678862 ex
225 6.86286448058672 3.02036729152314 12.1143254179042 ex
226 0.881451591849327 6.4733403949067 9.17560010030866 ex
227 4.01427638274617 6.57231495575979 9.90657098847441 ex
228 1.47461810498498 7.44175354903564 10.8484018440358 ex
229 6.16268042265438 7.48258872632869 8.52855168841779 ex
230 1.17120134248398 1.51712494739331 13.4190641525201 ex
231 5.95619284524582 4.09107320895419 10.9202196549159 ex
232 0.743794089648873 5.09466681932099 8.50638298736885 ex
233 1.77743833349086 2.92896013497375 11.8716104298364 ex
234 1.04362424626015 1.13464986742474 15.8879392140079 ex
235 4.76618209015578 1.97734449268319 13.6777029109653 ex
236 4.78109130798839 2.36991130933166 9.16913073090836 ex
237 4.02928365487605 7.93778247293085 11.3166445039678 ex
238 5.29916417179629 0.905555141158402 14.172173968982 ex
239 2.9095211585518 6.38339233584702 8.14721398288384 ex
240 1.18679959420115 3.89772075461224 14.7715804995969 ex
241 6.01347257755697 7.79788958071731 10.7560050275642 ex
242 2.39409318869002 1.28900477290154 10.5216847099364 ex
243 6.86775176017545 6.21763535449281 14.5002996001858 ex
244 1.80353264720179 4.64295087894425 15.2025029766373 ex
245 5.08313493616879 7.23424714105204 13.1265910912771 ex
246 3.27518842997961 1.37414911552332 15.9205750478432 ex
247 3.39107682928443 4.62859444483183 10.7828470810782 ex
248 0.349941891850904 5.49806532473303 13.6867281845771 ex
249 4.99639481492341 4.60661789844744 8.61324481596239 ex
250 5.95951532875188 2.61732907104306 11.1551785441115 ex
251 6.34041135828011 2.36390671925619 11.2617259756662 ex
252 4.24998627905734 7.97405940806493 8.33543433761224 ex
253 0.281137355603278 5.22942014969885 9.5081374309957 ex
254 0.592881231103092 5.00579820456915 14.2265701668803 ex
255 2.79874209174886 4.48813593294472 13.7919949537609 ex
256 5.74937791004777 0.645853896392509 15.9761143098585 ex
257 6.07063812739216 2.78638602304272 15.9576743985526 ex
258 4.30459124594927 3.56572991376743 8.66490160976537 ex
259 1.56992218550295 0.496326184365898 8.68477448052727 ex
260 6.54996425868012 5.39188245823607 12.9558161757886 ex
261 4.73457878967747 0.85462340968661 12.3381913814228 ex
262 1.58575874054804 6.50636422634125 14.8875367236324 ex
263 7.62499807146378 6.61607038415968 14.0370362019166 ex
264 7.29986421763897 6.03377382224426 13.1411900909152 ex
265 4.03803262673318 7.96654483512975 12.9468419256154 ex
266 3.33399291685782 3.01514209923334 9.24962058593519 ex
267 1.88868689886294 5.93372410279699 11.8855685661547 ex
268 5.99106495152228 7.72961799940094 8.58884094958194 ex
269 0.458474240032956 4.72673855652101 13.1960866721347 ex
270 5.62249299953692 6.36435680650175 12.812879193807 ex
271 1.40932073933072 1.70564330788329 10.7648762629833 ex
272 7.10475917765871 7.71494497265667 11.2807680594269 ex
273 5.38274806900881 0.5811277104076 11.2910610425752 ex
274 0.603065264876932 6.9109605231788 13.6046000085771 ex
275 2.34877065685578 0.19033386465162 8.23247505608015 ex
276 5.50463941181079 5.77719308668748 9.83928148820996 ex
277 1.31986630987376 7.89310097089037 13.56963895238 ex
278 3.08451643376611 1.96938491635956 11.1580028131139 ex
279 1.81060823122971 2.72637312556617 10.6773361589294 ex
280 2.81731834704988 7.78091372665949 14.4561240675393 ex
281 4.68020247318782 5.74530614539981 8.96732458751649 ex
282 1.33579157665372 7.12801508116536 12.9851494154427 ex
283 4.02577792527154 3.71643176511861 10.4263897472993 ex
284 3.05550569831394 4.88912287843414 13.6157136042602 ex
285 3.38902024691924 0.734114590799436 12.8060921470169 ex
286 4.1633416749537 1.25701950793155 15.0122025555465 ex
287 1.50182111863978 4.05667867790908 8.43247216427699 ex
288 5.82948602223769 1.41772333905101 15.9878772390075 ex
289 0.305565338814631 3.07602536631748 12.0173661841545 ex
290 6.69224452506751 2.83059200504795 12.6337623018771 ex
291 5.19377138884738 5.09454049170017 8.57064651953988 ex
292 0.439157310174778 6.15683108964004 15.2331399936229 ex
293 1.46186557784677 5.14879377558827 13.2857078588568 ex
294 5.28189577418379 3.29969083727337 13.9317112369463 ex
295 2.60913684009574 2.0788824444171 13.5424433380831 ex
296 4.15883897640742 5.31784345232882 9.13550318754278 ex
297 2.07209748751484 6.11912125628442 12.394274674356 ex
298 6.20763884019107 6.36786470166408 12.2543044046033 ex
299 4.8396744125057 3.74357715132646 15.4226304530166 ex
300 4.83977694762871 3.4388354937546 12.0663163627032 ex
301 3.69558044010773 0.704344979953021 9.69722817908041 ex
302 2.44293137965724 4.62225712230429 14.6686751120724 ex
303 0.326052100863308 4.5246879553888 10.2906219332945 ex
304 1.38464194675907 7.7941919490695 15.9673287535552 ex
305 2.62675873399712 3.8109685711097 13.5913634861354 ex
306 1.54209344950505 0.768313681939617 15.5013051563874 ex
307 3.32568835420534 7.33531479304656 8.69577221572399 ex
308 2.9663229349535 7.21068848716095 13.4848471593577 ex
309 2.34196338034235 3.49272146821022 8.80566560174339 ex
310 3.53278877120465 0.266819317592308 14.1457400990184 ex
311 5.49906648136675 6.62387506780215 10.6622273907997 ex
312 6.13449974940158 2.60438953596167 13.1515434437897 ex
313 6.97738628671505 6.27783841779456 13.6230694991536 ex
314 0.755910782609135 4.38450163276866 11.4884103822988 ex
315 2.53237115126103 3.44699823739938 15.5488062170334 ex
316 3.37339544761926 5.81142307538539 14.1894089626148 ex
317 3.71745457476936 4.10794861149043 8.86624873592518 ex
318 1.10759559297003 4.67569961235859 12.7239129338413 ex
319 0.276484956033528 0.414925581077114 10.6709805855062 ex
320 5.67153307772242 3.50394193828106 15.3590851214249 ex
321 3.00611760932952 3.20247460668907 12.984287773259 ex
322 6.8563259227667 4.1559380905237 14.6735820330214 ex
323 3.01148211886175 6.36507229832932 10.4322464636061 ex
324 6.4922763989307 3.1158606519457 13.6074616424739 ex
325 0.141020016279072 0.303223200375214 13.3559553693049 ex
326 2.67481736955233 6.25191552261822 9.93893049727194 ex
327 3.86439435672946 5.04261955129914 12.4012468135916 ex
328 3.57285020779818 3.66214872384444 15.1955519022886 ex
329 6.2236320914235 3.04585586348549 10.0963058965281 ex
330 0.568544630659744 7.99270105385222 9.59280103072524 ex
331 2.09420137549751 0.498555506346747 9.05122340656817 ex
332 6.05139772989787 0.035702069522813 10.0989168763626 ex
333 5.73291482403874 4.50966000044718 13.580510414904 ex
334 2.20519484812394 6.12844861554913 13.1799358576536 ex
335 6.99683122173883 1.11099639022723 10.981469589984 ex
336 0.18315730849281 1.61053481185809 9.07968878326938 ex
337 4.74116785125807 5.36111158621497 15.5690234303474 ex
338 4.09111023484729 0.772803833242506 8.44250747212209 ex
339 7.41094741295092 7.84380193566903 12.4893401407171 ex
340 7.9420444376301 2.61394566623494 14.1407668141183 ex
341 7.84378877375275 2.15552844502963 15.3011675102171 ex
342 3.66401871549897 5.31119274045341 9.69736544950865 ex
343 7.26600790699013 4.35390218161047 15.4234826748725 ex
344 2.25525735272095 4.73620135243982 12.6108316439204 ex
345 0.0115858451463282 6.26384312519804 11.4018810449634 ex
346 5.10141656384803 4.68148639053106 12.5837757925037 ex
347 4.76451390678994 2.73438414977863 8.27975343703292 ex
348 7.4774631797336 3.16851869109087 10.7251115653198 ex
349 2.67575823888183 2.97017156193033 12.0509786147159 ex
350 6.24665682995692 0.374632546678185 13.4600813179277 ex
351 3.67347436770797 0.931444257497787 8.92283734353259 ex
352 2.49324517161585 5.86980522773229 8.50839712820016 ex
353 5.60036451439373 7.42640445590951 9.3087804436218 ex
354 0.471322989789769 0.919987915549427 11.0739987732377 ex
355 4.63314277562313 0.379712972091511 10.1231171600521 ex
356 7.10486968187615 6.13488608319312 11.988562511513 ex
357 2.69677403918467 0.0800761235877872 12.6168782997411 ex
358 2.15341938007623 3.92094877548516 10.7615543666761 ex
359 5.56562586664222 5.21130653750151 13.4283697749488 ex
360 2.094559579622 7.17513177846558 8.43705212487839 ex
361 3.52623081486672 6.935067798011 9.6981079285033 ex
362 1.01182256592438 6.52511009108275 11.7460069213994 ex
363 2.5897746286355 4.99933113227598 11.7915196241811 ex
364 7.37586125568487 7.58068389841355 15.8912615498994 ex
365 3.40155300032347 0.696782637853175 11.5599334700964 ex
366 5.90809282357804 3.23427795805037 10.0239512643311 ex
367 5.8637977396138 7.75362942181528 15.4431777014397 ex
368 5.95837765233591 2.27466117613949 12.7393456334248 ex
369 7.51215166971087 7.8837780773174 9.2900462008547 ex
370 0.652087564114481 2.91472749621607 9.92145345918834 ex
371 5.94707462657243 7.62598526710644 10.4291491257027 ex
372 1.86465364415199 4.48252051137388 13.9890986715909 ex
373 1.56252521509305 7.00598246231675 8.19031842052937 ex
374 6.73405016981997 1.31026910804212 8.59810972469859 ex
375 0.77705492824316 4.6433284804225 12.8197564044967 ex
376 5.21402349811979 1.50847109709866 8.48719528387301 ex
377 7.81416150089353 5.03264708234929 11.0554022954311 ex
378 0.929053499363363 4.98448218847625 9.66973756696098 ex
379 2.559649807401 7.51625787699595 10.5737684397027 ex
380 0.0522959874942899 1.0817910397891 11.1699929041788 ex
381 5.04030639212579 7.04353065229952 11.2036494591739 ex
382 3.15418289764784 7.63339963136241 11.2480459378567 ex
383 6.27058849087916 6.69384297821671 8.50695312209427 ex
384 2.99631601641886 7.55102338409051 11.0695544870105 ex
385 5.88160192570649 5.8382210067939 11.4178596620914 ex
386 0.0856493155006319 7.21672407770529 11.8989689436276 ex
387 7.66991036431864 0.402416178956628 10.6191645988729 ex
388 7.51296731596813 6.19569527939893 12.0485747426283 ex
389 1.33371314615943 5.04549426818267 10.2841343146283 ex
390 4.93366260570474 6.4470700644888 13.5005240750033 ex
391 3.3994007431902 2.33041603001766 12.370948941214 ex
392 5.70930344727822 6.98724293080159 13.1868401323445 ex
393 7.2375256922096 7.14168073073961 8.62615527235903 ex
394 2.23288389923982 2.38901382824406 10.5710720967036 ex
395 0.285880632000044 1.47647818503901 15.1517644356936 ex
396 3.38487820327282 4.93550693104044 12.0483207267243 ex
397 0.715522800805047 1.40467228833586 14.0200607432052 ex
398 4.5925695982296 2.53168131830171 13.3918929845095 ex
399 3.30589769035578 7.7003032816574 10.8052404068876 ex
400 5.19940101099201 1.18723436142318 10.8978756328579 ex
401 4.89572298899293 6.49851456936449 10.792351852404 ex
402 2.35423262254335 5.10876623447984 14.5023731335532 ex
403 3.58718095556833 6.17149511887692 15.0041644736193 ex
404 5.33473587571643 5.90729771647602 14.6148172169924 ex
405 0.840046026743948 3.22136103454977 11.9699575048871 ex
406 2.71475218399428 1.88223308604211 9.6070553753525 ex
407 1.60819529159926 2.48526635300368 9.82621593424119 ex
408 7.18689913046546 4.75948941917159 14.083634007955 ex
409 4.63914030557498 4.84830336458981 9.62932028342038 ex
410 5.26731857727282 1.84722182364203 13.6006412741262 ex
411 4.18089157342911 7.72979591973126 10.2849780013785 ex
412 0.0238232733681798 1.51472583785653 12.9371206157375 ex
413 7.35850710305385 1.1755350404419 9.66725471126847 ex
414 1.01286959368736 3.98962625302374 8.91144055430777 ex
415 3.99726591422223 7.16464573424309 12.3138398374431 ex
416 5.07266303454526 0.124515622621402 8.72711696126498 ex
417 4.71904141572304 6.2072116045747 8.63550389115699 ex
418 5.7136879877653 7.53888583066873 12.350276213605 ex
419 3.8720754859969 3.27767653437331 8.92179389158264 ex
420 7.25756077514961 7.28465001448058 10.1117212236859 ex
421 1.2385604379233 0.571951849153265 9.25985503708944 ex
422 1.20935797528364 2.53729712497443 8.58311343425885 ex
423 5.00929219997488 3.1130448570475 8.75936742173508 ex
424 6.51524693868123 6.25578154623508 10.1460367434192 ex
425 2.72181630157866 5.16773337963969 9.15078773302957 ex
426 1.83185792714357 6.36467846552841 10.9593376810662 ex
427 4.25725457840599 0.496569872368127 11.1947108779568 ex
428 4.83281682711095 0.172908319626004 9.18032423290424 ex
429 4.86433548573405 3.53063958929852 13.5015390829649 ex
430 4.78695007786155 4.9029625155963 11.7978003236931 ex
431 2.7358826471027 1.99072006018832 13.7057112427428 ex
432 3.39958585822023 7.14808299043216 9.6626802845858 ex
433 5.86529643926769 4.68792505236343 11.4961755014956 ex
434 1.30160813545808 3.45172661379911 12.0554143283516 ex
435 4.13299847417511 7.73404464335181 9.15433325432241 ex
436 6.87536587868817 2.05549456435256 8.42418582411483 ex
437 7.47443479252979 4.3451762618497 8.46111093182117 ex
438 0.698837219271809 0.43635507626459 12.8130675260909 ex
439 0.470822917064652 3.06877972115763 14.2545878877863 ex
440 1.33334680390544 1.84191125584766 11.1397014639806 ex
441 0.24990872410126 3.96104042371735 13.7595976232551 ex
442 5.03321661357768 2.41370851662941 10.6272766338661 ex
443 5.63273616274819 2.06238901731558 8.0224731231574 ex
444 1.12763157114387 3.54448192799464 13.1049254676327 ex
445 1.03136753849685 7.71775846416131 9.60260208812542 ex
446 5.6209570968058 2.64544241921976 9.64602106530219 ex
447 1.23984408611432 6.1525700672064 9.50788654643111 ex
448 2.3677061223425 5.77279870677739 13.0594764663838 ex
449 6.97781522688456 4.10804599104449 15.27224302385 ex
450 0.70082752010785 2.17994668893516 10.8988020438701 ex
451 5.30912314867601 4.89040631032549 15.2565716633108 ex
452 1.9017486218363 5.60608986089937 8.66279133432545 ex
453 1.50532917142846 0.885958727682009 13.1701036209706 ex
454 3.35320392134599 0.175541205564514 15.1744608574081 ex
455 2.8157299705781 5.69867283268832 15.6783403933514 ex
456 1.91068768152036 0.858596311183646 12.5892107491381 ex
457 3.86549300793558 2.65858565666713 10.84058772563 ex
458 2.14091324596666 0.524580526631325 10.2524349642918 ex
459 1.87124486756511 2.0005153445527 12.5612010941841 ex
460 6.36755938525312 0.534081766847521 12.080283314921 ex
461 2.1411637768615 3.70829509710893 12.0407880381681 ex
462 2.75142865278758 7.96912747505121 9.54868630575947 ex
463 4.71216565836221 0.718010084703565 14.4357403651811 ex
464 2.18659626040608 1.01505688671023 8.02586683281697 ex
465 7.2730281976983 1.64527465892024 11.6329728104174 ex
466 5.28648378956132 3.40834528929554 12.5644438061863 ex
467 1.08243217249401 6.64411813206971 13.9383234679699 ex
468 3.18943146173842 3.90065906872042 10.7708442036528 ex
469 7.5527489699889 0.704598187701777 12.2933831403498 ex
470 2.88389267167076 5.86691666091792 10.254494887311 ex
471 3.02010757150128 1.75074003869668 9.19694435666315 ex
472 6.63016926450655 7.08853947510943 13.0341751151718 ex
473 4.78831828385592 7.70524679194205 15.2384325480089 ex
474 1.87444220413454 0.66217093123123 10.9563919717912 ex
475 1.08657611277886 1.52432543854229 12.8423822447658 ex
476 6.81287246127613 2.99737563659437 10.0478882391471 ex
477 4.70291129150428 7.47956938203424 13.3113712717313 ex
478 6.7998253623955 3.20055174874142 9.93915986013599 ex
479 4.13071024580859 5.54259262420237 12.5866299155168 ex
480 7.20653254282661 6.26029820670374 8.45997903542593 ex
481 3.24100322765298 5.93701398838311 11.8192782122642 ex
482 7.54189702868462 5.00617164094001 9.97828895132989 ex
483 6.64066474768333 7.7957654336933 15.8538270359859 ex
484 7.93903225497343 1.49344005552121 12.7237109623384 ex
485 7.91235971474089 5.87159079289995 13.2277971662115 ex
486 1.32447111071087 6.38311040168628 15.9078859093133 ex
487 0.667498965514824 4.8288653427735 14.7879406679422 ex
488 2.67961706430651 1.3447093279101 14.9822404426523 ex
489 5.02324968855828 1.67267880798317 12.2032977459021 ex
490 5.66172579908744 1.77456349157728 11.6645113101695 ex
491 2.10523045994341 1.7100919499062 12.0189039825927 ex
492 3.18473118077964 2.30628571659327 9.07517057820223 ex
493 3.59170369780622 6.82597091584466 11.7647831968497 ex
494 7.5368507807143 0.323324381839484 9.23409314802848 ex
495 6.15221552085131 2.07811016240157 14.8840591893531 ex
496 1.2080243465025 4.38929899851792 10.3980168895796 ex
497 2.70349493483081 1.0457838033326 11.5413130323868 ex
498 5.07881780806929 2.70984925096855 14.1474250878673 ex
499 4.69832671387121 6.44174871803261 15.9381707678549 ex
500 6.80640192492865 4.09669330273755 12.1980259902775 ex
501 12.3943589299452 7.6020279515069 9.86913251620717 ex
502 15.2863321404438 1.62870373413898 8.93950976897031 ex
503 8.93625118373893 5.43434465187602 14.6824881725479 ex
504 11.2604612552095 1.82809262908995 13.6124365685973 ex
505 9.73776732990518 1.04608607827686 15.6090013184585 ex
506 10.5775525162462 3.09272179426625 8.17200852208771 ex
507 9.03591425274499 2.90578194800764 14.9803655641153 ex
508 15.1913729605731 5.52761160256341 13.7641010985244 ex
509 10.2627155445516 4.30039504589513 11.0613582402002 ex
510 9.22716242680326 1.05236197449267 8.80463506351225 ex
511 15.9974129940383 0.437648784834892 13.4463053154759 ex
512 12.072578438092 5.71284970804118 9.60827289242297 ex
513 13.7853425571229 6.36185178603046 10.3326578084379 ex
514 13.3036271021701 5.40015721996315 9.66480370401405 ex
515 11.0960513062309 0.934810767648742 13.5138590603601 ex
516 15.9483006922528 4.53622499364428 12.0671805706806 ex
517 10.6741649245378 4.86478659440763 8.65682593453676 ex
518 15.1957513801754 5.35863720183261 14.0217004464939 ex
519 11.269439824624 0.491840780712664 14.5849930648692 ex
520 9.03826738335192 6.86838673474267 14.9685016751755 ex
521 8.08842263836414 6.64477332308888 13.9933004502673 ex
522 10.1930210534483 1.03764251223765 8.57431362196803 ex
523 8.4914702528622 6.96043528104201 8.90855043916963 ex
524 14.2571860570461 1.64953851955943 11.8964492690284 ex
525 12.4419345303904 4.88137165899388 11.065593523439 ex
526 8.05893649440259 1.02417819248512 12.1336512812413 ex
527 12.0109504186548 0.721556983422488 13.3483785057906 ex
528 10.8406868814491 7.86346288234927 8.18954262742773 ex
529 10.8310770962853 7.32101539405994 14.2583346646279 ex
530 14.9384179953486 6.2415542723611 14.4892412009649 ex
531 11.3004277246073 2.60624707769603 11.5695592882112 ex
532 12.5832285871729 0.871610912494361 10.6878267738502 ex
533 14.5054187050555 7.09592822263949 14.0228388740215 ex
534 15.7190262593795 0.595021838089451 8.34725361922756 ex
535 11.1489649624564 1.74213350075297 12.0321163879707 ex
536 15.431537933182 7.19867136678658 12.7470887566451 ex
537 12.758080085041 3.5932555727195 10.6818603191059 ex
538 13.4866639708634 2.50399926584214 11.4485282509122 ex
539 10.7634784851689 0.141620789188892 11.3715470514726 ex
540 9.77632608287968 6.98896163678728 9.09294550633058 ex
541 12.1752895398531 4.80949607561342 14.9903720910661 ex
542 8.91685773129575 5.54662305489182 10.7563492087647 ex
543 9.11551209096797 0.286580276908353 15.3640287236776 ex
544 11.3559907011222 6.26186910457909 8.9006888975855 ex
545 9.107819278026 7.11179620027542 15.5988464145921 ex
546 11.0291155006271 1.73789562564343 10.679535896983 ex
547 12.8988686103839 6.65807723882608 14.0365509158 ex
548 10.448754838435 1.19281324651092 9.77113468758762 ex
549 12.3739049541764 0.380349039100111 15.6079056479502 ex
550 12.8854557527229 7.80537110450678 11.6561923339032 ex
551 10.1935362610966 6.3873619409278 10.8491424873937 ex
552 14.6221863669343 7.22650613426231 11.9838936321903 ex
553 8.07810343452729 7.64080852130428 11.9737563987728 ex
554 8.98752167238854 0.273618143983185 13.9057547857519 ex
555 13.0782489329576 6.64162912289612 14.6572509096004 ex
556 15.0964881870896 7.90184546704404 15.7952883774415 ex
557 9.34041217551567 4.6040528556332 13.1105370644946 ex
558 10.9113851296715 2.75533783808351 13.2773229209706 ex
559 8.23310253606178 7.10090607800521 14.5359817969147 ex
560 10.4377634923439 1.75815265113488 13.7888672600966 ex
561 12.6895845287945 7.53747401433066 13.7755286921747 ex
562 8.98056627623737 3.16587880766019 8.55337714380585 ex
563 12.0341749070212 7.51290822098963 15.9246741929092 ex
564 13.519134599017 0.201843799324706 9.46676038438454 ex
565 14.827638547169 0.855110245523974 11.4848824581131 ex
566 8.03537859790958 2.32382233464159 10.6851849332452 ex
567 9.2750241777394 4.59389358758926 8.40237152739428 ex
568 9.90675190044567 3.30688989628106 15.694992323406 ex
569 11.5049503378104 5.84726945240982 10.7995083655696 ex
570 12.1761075600516 3.18862453475595 14.2823156616651 ex
571 13.0532127767801 7.25990089657716 14.5909159162547 ex
572 14.2684545821976 7.20094985864125 12.838446942158 ex
573 10.4121178998612 4.39270001836121 9.52417470794171 ex
574 13.765154806897 1.46754083503038 10.170451004291 ex
575 10.6101212529466 5.19407790992409 10.8310353448614 ex
576 15.926239900291 0.0268678450956941 9.34735489124432 ex
577 13.9298232202418 0.509406829951331 11.9721265058033 ex
578 13.7831787043251 3.70657864841633 9.3594590369612 ex
579 14.1196194596123 0.0203589780721813 12.5190204123501 ex
580 11.1288062084932 2.16931325150654 10.0381550006568 ex
581 10.9043608200736 5.65113825164735 13.7290874698665 ex
582 10.1323854133952 0.939761135261506 8.74460832914338 ex
583 13.391197839519 5.22232370008714 15.5518419649452 ex
584 12.4136164679658 4.09296707087196 8.56964592868462 ex
585 13.0510943147819 3.09223143290728 11.9085554929916 ex
586 13.3497176428791 3.9762912876904 10.7966816797853 ex
587 11.5973329283297 5.14923431049101 11.3933450214099 ex
588 13.5121685951017 1.86488211480901 9.40657513239421 ex
589 9.76310242735781 4.45616969489492 11.9722079085186 ex
590 12.3155997374561 7.00266906805336 12.8417806930374 ex
591 14.0930997626856 4.76341754896566 9.1898560479749 ex
592 13.4110600044951 2.04152946523391 8.01428043097258 ex
593 13.6714803504292 5.34119097026996 13.1654474525712 ex
594 12.7686717815232 5.11007021344267 10.4818899584934 ex
595 10.0333276593592 5.29465848230757 14.4915688754991 ex
596 8.65885374927893 3.20880816178396 12.4842920796946 ex
597 8.7284713126719 7.7423470299691 10.3847500288393 ex
598 8.29635653854348 6.79471957846545 10.5010084575042 ex
599 8.66026192926802 7.08046211884357 12.3248122027144 ex
600 12.2620167718269 2.61867277976125 10.2542765024118 ex
601 11.1251398040913 6.52703513228334 13.2083023821469 ex
602 9.36917634634301 4.30971442698501 14.8869726499543 ex
603 9.19423860358074 6.12342479475774 8.21090489951894 ex
604 13.9675851867069 4.60675035277382 15.6706319232471 ex
605 11.9243280168157 5.68091839877889 14.4970647234004 ex
606 8.91584321507253 3.39055630657822 10.4651376157999 ex
607 12.5019044906367 1.96871348237619 8.3639384128619 ex
608 11.0371030964889 4.17742210207507 9.62305449950509 ex
609 15.7259842392523 7.84573103557341 10.4015364916995 ex
610 15.622218277771 5.8529736653436 8.62870465428568 ex
611 14.374208958121 6.94566835020669 13.8163668480702 ex
612 9.30053037474863 2.62165864696726 8.32734420965426 ex
613 13.6836242349818 3.22623850777745 15.5904173764866 ex
614 8.8517224455718 4.64846592210233 14.7348584192805 ex
615 11.309677319834 1.95786813437007 8.95969665329903 ex
616 8.92322514904663 4.30878792703152 12.8904979836661 ex
617 9.81851963349618 0.178925177548081 11.6214872775599 ex
618 8.63582390244119 7.85496608074754 8.85030289692804 ex
619 15.8421217966825 2.3906040021684 14.8216157413553 ex
620 13.7557638268918 4.81501663988456 10.011586663546 ex
621 13.2071469877847 7.31505291815847 15.5908644152805 ex
622 8.53590540355071 3.92230827291496 9.23714995477349 ex
623 8.91994368797168 3.91804876201786 15.9511993813794 ex
624 8.60878765909001 5.60110165923834 13.2229477348737 ex
625 13.0227898326702 4.9297252879478 9.0986060150899 ex
626 12.3489094057586 6.44681966910139 9.68332158797421 ex
627 11.3242320448626 6.31914846366271 11.2052654835861 ex
628 13.4091397530865 5.70142884133384 12.855502296472 ex
629 12.7960149962455 3.06657198211178 12.5074214297347 ex
630 13.0137010365725 1.82055386062711 12.3973897965625 ex
631 12.7847143816762 3.51410023635253 9.45096997753717 ex
632 9.27805322199129 3.89007682679221 11.9134098077193 ex
633 9.56824313593097 2.2837222754024 11.3127430323511 ex
634 14.9550374904647 3.96138513274491 13.9221854272764 ex
635 9.97609785455279 2.38132945261896 13.06735182181 ex
636 13.5462118331343 7.71468428755179 10.826702112332 ex
637 8.73581049148925 1.7682306447532 14.2184062458109 ex
638 10.7411016963888 6.16989828459918 8.72234962484799 ex
639 11.5189467442688 4.74760238616727 10.6961937590968 ex
640 11.6152216712944 4.61585359275341 14.8213911503553 ex
641 12.3734908695333 4.30815232708119 12.7130809633527 ex
642 9.01784934429452 0.888727417681366 12.0312202253845 ex
643 14.28711826168 1.30902642267756 15.414309306303 ex
644 8.88665301073343 5.06493175704964 9.93032251903787 ex
645 13.5815056902356 4.56535574886948 11.3124212082475 ex
646 12.5081698547583 1.61481762421317 9.63811063556932 ex
647 15.833853968652 6.26359127531759 10.3509663294535 ex
648 9.9927650145255 3.91580611537211 9.46142416540533 ex
649 9.38934876048006 3.90889662527479 14.371046194341 ex
650 12.8069239084143 1.91462483396754 15.5314454690088 ex
651 15.9496095438953 4.08231831435114 13.3863976805005 ex
652 13.2318076682277 2.12523982021958 9.76001669070683 ex
653 11.4666788659524 0.313784984871745 9.95697094127536 ex
654 11.6012755238917 3.86201513046399 14.350148266647 ex
655 11.29328189441 2.22589297033846 9.22014228370972 ex
656 8.88600806868635 0.711369099561125 8.08004358038306 ex
657 10.6403988185339 2.14874081662856 10.1586142915767 ex
658 15.5142679130659 1.69202922913246 14.5152253657579 ex
659 13.721618038835 5.36554105137475 10.4306981156114 ex
660 10.6069081965834 0.892920217243955 13.5571908657439 ex
661 14.0223158721346 5.51817645155825 11.9586607811507 ex
662 8.85656125377864 3.40283500403166 14.9989125672728 ex
663 10.8694137162529 7.04330910672434 10.0619874529075 ex
664 9.58003985439427 3.12815969483927 12.759322571801 ex
665 8.06564844120294 6.49016049900092 11.6627925804351 ex
666 8.39620685414411 5.54207260510884 12.8716537866276 ex
667 9.21447533858009 1.58600608678535 11.3040720003191 ex
668 14.5717546006199 2.31514015235007 8.20817319885828 ex
669 9.52865156135522 3.52281284914352 13.3561761220917 ex
670 8.49300402472727 1.20339501905255 9.15425267652608 ex
671 13.2553920149803 1.69308810960501 11.1328670829535 ex
672 8.41809281473979 7.80639637634158 15.2080809725448 ex
673 11.6744586473797 3.63079303572886 12.1201424901374 ex
674 9.8250727376435 1.99331874889322 13.4333288236521 ex
675 8.68828145996667 1.7036885463167 15.9018921453971 ex
676 12.780270466581 7.3327169760596 10.2220392453019 ex
677 10.4313469850458 1.10726669454016 11.5197268975899 ex
678 9.66532341158018 6.59352952754125 15.9176578717306 ex
679 14.3419062560424 0.657567348564044 10.3958139033057 ex
680 14.1293098612223 4.9582883734256 10.9788962267339 ex
681 8.19278922188096 2.38064862648025 15.7805694239214 ex
682 14.3757613133639 4.33758347178809 14.5596067837905 ex
683 15.8877454872709 1.98932202789001 11.5724988605361 ex
684 14.2665603666101 1.11622881423682 8.63627337687649 ex
685 11.4405437759124 7.9395490125753 11.5041562251281 ex
686 10.4821389424615 6.39230934740044 9.61550863017328 ex
687 9.15137150976807 5.546045423951 14.2153850798495 ex
688 11.9749800923746 3.92046202300116 10.9307889975607 ex
689 13.0356137026101 0.878180444007739 14.6636912727263 ex
690 13.3594558823388 3.2708443517331 13.5134565012995 ex
691 13.5806317182723 7.65369541896507 13.0327998236753 ex
692 14.8855688965414 5.3563590340782 13.3734029806219 ex
693 10.7686879364774 7.23549901181832 15.6165868288372 ex
694 15.5896904603578 1.89668959192932 15.2362004271708 ex
695 14.0674651262816 6.81106166285463 15.5586047605611 ex
696 11.6197318681516 2.49059888254851 8.76458151568659 ex
697 12.2377616672311 7.43407434201799 14.0008303946815 ex
698 15.756835608976 0.79893739731051 10.2113978168927 ex
699 12.3708732202649 4.07551055238582 15.0740760958288 ex
700 10.5219044135883 6.46330797555856 14.7746867991518 ex
701 15.0892642021645 3.75960505893454 14.9647927333135 ex
702 12.9236019274686 0.85601907549426 9.43723792722449 ex
703 14.4279016384389 3.46384457033128 15.2109934056643 ex
704 14.8728969621006 6.91717302589677 9.66073146485724 ex
705 14.9214435729664 1.90892469231039 9.65913934167475 ex
706 15.592581165256 2.80401394492947 8.99013631138951 ex
707 14.2761628213339 1.05986775830388 12.1800328074023 ex
708 11.7965043163858 6.330166463973 9.23752931272611 ex
709 8.02747107716277 6.7871040571481 9.18860144820064 ex
710 9.74556280905381 5.38838903373107 8.76593317859806 ex
711 15.1014825652819 6.91964671877213 12.1714996953961 ex
712 14.0953126412351 5.02370207570493 12.2091383817606 ex
713 8.65600684890524 5.67942384886555 11.5300102035981 ex
714 14.4125837082975 2.62313670781441 12.1542238311376 ex
715 10.4069012631662 7.92411197838373 9.17657044087537 ex
716 9.93677607830614 5.70872522285208 11.5472091315314 ex
717 11.4874240723439 2.28969885385595 15.015319455415 ex
718 15.6293005824555 3.38175750919618 12.4134769875091 ex
719 14.3464571053628 3.76366504956968 8.49598441063426 ex
720 12.0184307757299 6.42092776414938 15.2107094177045 ex
721 10.7309266887605 4.21124921413139 13.8843879394699 ex
722 11.5286655484233 4.98661788576283 12.7594398837537 ex
723 9.73359467717819 2.68611260992475 9.17180383182131 ex
724 11.5925397777464 1.14186863042414 9.7816926818341 ex
725 15.8229539885651 1.12065489194356 9.79425707971677 ex
726 15.7566157479305 6.79719493165612 14.636503509013 ex
727 12.6550491570961 2.23361019254662 12.5033208925743 ex
728 8.11158518563025 0.328571997117251 11.335967077408 ex
729 15.9049081818666 3.47856150474399 11.7911445866339 ex
730 10.5963969065342 2.50445220130496 15.7235605870374 ex
731 8.78215163666755 4.55026790057309 13.7757440693676 ex
732 11.9941984955221 3.23311460972764 15.7892431663349 ex
733 13.9924737315159 5.84355771029368 11.1819514082745 ex
734 8.39361809520051 1.09044717322104 8.76527915825136 ex
735 11.9809819443617 6.70315366145223 12.485319056781 ex
736 12.8960642020684 1.95597392879426 10.3026128665078 ex
737 10.1571671625134 3.5069274706766 15.4632427920587 ex
738 9.73399188928306 1.39880487532355 12.506544593256 ex
739 12.1821322685573 5.7216867969837 14.2138157195877 ex
740 9.20872015692294 7.76643764763139 14.3666056601796 ex
741 10.8052307586186 4.4317332461942 15.4093133648857 ex
742 13.9416919283103 7.73078152304515 12.2193699066993 ex
743 13.3942444142886 0.320564110763371 10.0423582950607 ex
744 15.7125669112429 4.9366515299771 14.6631605126895 ex
745 10.939935133094 3.42737915180624 9.20918224565685 ex
746 14.6158180332277 2.26176253543235 15.6326796989888 ex
747 13.4089831456076 6.64849185827188 11.6611003642902 ex
748 13.292707847897 4.3931867366191 13.0672270155046 ex
749 11.819833251182 2.43978499248624 13.1936559637543 ex
750 8.26684537553228 6.45182021986693 15.3045338888187 ex
751 10.012907869881 2.08874006103724 11.1226971449796 ex
752 9.06368643953465 0.68881465587765 8.91725915460847 ex
753 8.35061222291552 3.1941727977246 13.8712206711061 ex
754 8.19628260261379 4.12486053584144 9.17298177233897 ex
755 12.0847898409702 3.21132811438292 15.023841874674 ex
756 13.4226362882182 2.69903162540868 14.9129172377288 ex
757 10.5372751560062 2.39196000271477 9.3049087272957 ex
758 14.7337047636975 0.127567106159404 15.0130126874428 ex
759 11.2442895467393 0.588336489163339 15.5364485462196 ex
760 15.9987934932578 7.50204980070703 13.7104675602168 ex
761 14.6688499823213 0.510393132222816 9.0081925727427 ex
762 12.1938301208429 0.0246243288274854 12.6057385858148 ex
763 15.2403107238933 6.78510004491545 13.3099459207151 ex
764 14.4040158314165 4.78033649595454 11.1233368969988 ex
765 12.9049581666477 1.87309124250896 12.6459752826486 ex
766 8.90066374163143 7.85148247191682 13.625463297125 ex
767 12.7949472502805 0.999548674561083 8.87635545711964 ex
768 9.91397810960189 0.663021875079721 9.25198075268418 ex
769 12.8176746775862 2.81113195931539 15.3528921247926 ex
770 9.64231510576792 5.11551569309086 10.6221787945833 ex
771 8.56658109812997 2.38756871153601 12.4522607477847 ex
772 11.3854872351512 7.16089259576984 9.97127097193152 ex
773 12.597420809092 5.48843327979557 8.02661962597631 ex
774 10.8096979423426 5.39056522096507 8.47600951301865 ex
775 14.0883424214553 7.94816588237882 13.3296368476003 ex
776 14.8101947358809 2.52501406357624 11.2207308288198 ex
777 11.9360208543949 7.8405351024121 14.1117677895818 ex
778 13.6905079255812 4.92204029601999 12.1153287531342 ex
779 14.5057887192816 3.78476676763967 9.32855174969882 ex
780 9.50007823039778 2.79801362473518 15.9502361267805 ex
781 9.4797879694961 1.94950582785532 14.4372312228661 ex
782 10.0727889067493 0.0825914924498647 14.2618318148889 ex
783 10.485833578743 7.29980147234164 11.0255406345241 ex
784 12.8349995785393 6.56916168704629 12.4571235144977 ex
785 8.81820028694347 0.5397722015623 14.3179789069109 ex
786 8.51913799461909 1.445782473078 11.2936465917155 ex
787 14.3409678018652 7.62636174703948 9.21241136291064 ex
788 9.74271670193411 6.26158985309303 13.4547774875537 ex
789 9.75848676450551 6.15090046986006 12.0381761069875 ex
790 12.8424024712294 4.08017006702721 9.33189131575637 ex
791 13.7228481548373 0.863502572989091 13.5623160006944 ex
792 9.20097343646921 5.14094812283292 12.0943726166151 ex
793 12.2056563480292 2.75432053906843 8.71298991981894 ex
794 15.7624880557414 2.94206177443266 13.0882827730384 ex
795 11.0957493586466 4.21244214987382 11.3186772265472 ex
796 14.4152045131195 7.9463113930542 8.61517726699822 ex
797 14.0621875275392 6.23096498544328 8.3166166478768 ex
798 13.9160166226793 2.24987003020942 13.8560504729394 ex
799 15.2626361083239 3.17120203957893 10.4137123133987 ex
800 12.6503037700895 5.0622781845741 11.5814216886647 ex
801 9.14007149962708 1.72582022286952 9.23272468452342 ex
802 13.3129459489137 2.11167790507898 15.0191963387188 ex
803 12.2704320661724 0.76623357902281 14.7318090167828 ex
804 9.36646148981526 7.74655949510634 12.4014822605532 ex
805 15.3023737210315 3.67662305128761 13.4729121141136 ex
806 14.1653556812089 5.71894524991512 15.8946560677141 ex
807 10.8936411784962 6.12734063179232 11.9724014652893 ex
808 8.90654648398049 5.44226678204723 8.91688367957249 ex
809 13.8664110342506 5.8749041040428 8.23028546501882 ex
810 13.478668267373 4.65174150560051 8.2844866332598 ex
811 13.6233033060562 1.43724144459702 13.9164177470375 ex
812 15.0854526443873 4.64258618606254 10.7564974096604 ex
813 15.3348645265214 4.47509314725175 15.3724397365004 ex
814 13.3073446638882 6.86545096430928 12.6072652852163 ex
815 9.45961441099644 4.13433588808402 15.2765456256457 ex
816 14.687956819078 6.51690512849018 12.7972815094981 ex
817 11.6649358556606 7.94281135359779 10.8462839345448 ex
818 12.0929543648381 3.63420856744051 13.7471356026363 ex
819 10.8778351941146 0.482824098551646 15.7723859595135 ex
820 10.727476649452 0.693379180971533 10.6075075911358 ex
821 11.9429923775606 4.70108101051301 15.881880775094 ex
822 11.1298585371114 5.66343905334361 9.31110734352842 ex
823 13.0029824634548 3.00994970137253 14.163619420724 ex
824 14.5520580678713 7.80606526462361 10.9370397708844 ex
825 8.58952227863483 0.313932528952137 12.1597078596242 ex
826 12.7481718044728 1.67471004021354 11.1216360542458 ex
827 15.1386623799335 2.74250074964948 9.80953671806492 ex
828 8.05241869483143 6.74873764929362 12.1839559380896 ex
829 14.9289262641687 3.16998047172092 11.1438174156938 ex
830 14.2664978562389 0.721282551297918 13.8287519863807 ex
831 11.9149905135855 3.58798363106325 13.4013829557225 ex
832 8.688313316321 1.69905745354481 13.5435043836478 ex
833 9.05667654634453 2.04703296883963 12.7954900562763 ex
834 9.6904983795248 4.96277147624642 12.50605847314 ex
835 14.8399520288222 4.4633084917441 12.6813141116872 ex
836 11.2462839754298 0.642147353151813 8.70468828338198 ex
837 15.5298960176297 5.85188127122819 11.6068792152219 ex
838 11.3109046793543 1.15450611594133 15.6820722017437 ex
839 10.6902117270511 4.272783231223 12.7577220604289 ex
840 13.3244059933349 5.97952607041225 14.6364889573306 ex
841 10.7294520279393 6.24504091334529 13.2792793801054 ex
842 11.1994759249501 3.15724246529862 11.0454488550313 ex
843 15.2655061327387 2.74855094333179 15.4284780470189 ex
844 8.80353364301845 4.94697880512103 11.2268975959159 ex
845 8.00308149540797 2.17455911752768 9.66352133452892 ex
846 15.1204572836868 3.94784015160985 15.1677293078974 ex
847 14.8493592804298 3.47014191024937 14.2919086276088 ex
848 10.8833555609453 2.05557997035794 12.820806536125 ex
849 8.02751114335842 4.68514078436419 15.4627804902848 ex
850 15.8057314252947 3.3868631911464 8.62294996669516 ex
851 11.8675518997479 5.06594697735272 8.37635414442047 ex
852 13.8961371365003 6.06141818617471 9.30448365374468 ex
853 9.82848275685683 5.01429443969391 9.11788697983138 ex
854 10.3829074709211 7.0044876835309 13.9913849981967 ex
855 12.8160138940439 6.7768695121631 8.19242826919071 ex
856 14.7560562812723 4.74473928101361 15.7108544223011 ex
857 13.0333533221856 7.51604769076221 11.8975919738878 ex
858 13.3843957874924 2.55050095496699 10.6126016869675 ex
859 8.24436784978025 2.52415243675932 11.5986303833779 ex
860 11.5310036120936 1.31723215989769 11.5740806860849 ex
861 10.2035754423123 3.82519966363907 14.0177925527096 ex
862 9.53832767764106 0.106102433986962 14.8512973424513 ex
863 12.2526623904705 2.09458715189248 9.7970309718512 ex
864 15.8271576284897 2.46774655161425 10.7017938159406 ex
865 10.0050490107387 1.02794946660288 12.7301531846169 ex
866 12.3655391959473 6.42215549526736 10.7229146887548 ex
867 11.5168660331983 4.26130814407952 8.8205653890036 ex
868 14.2988741099834 1.07874966110103 14.7244792822748 ex
869 11.920913673006 4.78206596220843 13.8089430015534 ex
870 14.711657374166 6.91853045183234 10.6552699753083 ex
871 13.9776565216016 1.99567508604378 14.7598529043607 ex
872 10.1739630845841 7.94873120961711 12.0166859433521 ex
873 10.3550340190995 5.38767139241099 9.04490536893718 ex
874 15.5192949748598 5.96802246687002 12.0500306528993 ex
875 13.5882498959545 3.95706312381662 12.4132243546192 ex
876 10.8297145813704 3.20567419566214 12.1490077031776 ex
877 12.4422986754216 4.40923451678827 13.970168836182 ex
878 14.433308042353 2.20382508565672 14.5452543029096 ex
879 8.89029272692278 0.232112710364163 9.08366450062022 ex
880 15.1796121159568 1.21973916236311 10.4316192639526 ex
881 12.7330671001691 4.04343051696196 10.9784886434209 ex
882 15.5185968503356 5.07800785312429 15.3198978339788 ex
883 13.1292989687063 0.574789145961404 8.33398784021847 ex
884 15.0048472250346 4.41595611372031 8.57132833893411 ex
885 8.12856492423452 5.47087344457395 15.4931834547315 ex
886 8.56991174607538 7.05427820980549 9.36492407182232 ex
887 10.6068013731856 5.80629691621289 11.490882110782 ex
888 11.0730982192326 5.08451790246181 13.4109505587257 ex
889 11.3550673255231 6.01071678288281 14.1942433898803 ex
890 15.4004878799897 2.84400372859091 12.4132776902989 ex
891 11.0372901728842 2.88339652796276 12.736025352031 ex
892 15.226862753043 1.24523349152878 13.1000296028797 ex
893 12.7573723252863 5.47789489873685 15.0948820223566 ex
894 15.8206466517877 7.41276035923511 11.1770518429112 ex
895 15.454645318212 0.76301631401293 12.6553120692261 ex
896 14.5613381948788 3.70819316385314 12.7741370094009 ex
897 14.6366863849107 4.59338787873276 8.14188722427934 ex
898 8.21873983484693 6.02809841954149 14.7115252565127 ex
899 14.9128051844891 0.711052297614515 8.75288607249968 ex
900 13.6198521784972 2.89010916021653 12.5480702901259 ex
901 8.79463389352895 1.07598429382779 10.4734555550385 ex
902 14.2718316377141 5.30020577460527 8.70979099487886 ex
903 11.2029279996641 7.84491048962809 12.6343678196426 ex
904 11.8701860520523 2.27191074215807 14.4784609840717 ex
905 9.90075843338855 2.20183743978851 10.3068696530536 ex
906 13.9139965183567 0.563197416719049 15.3742142634001 ex
907 10.2580486699007 0.0567715086508542 12.703438020777 ex
908 9.43228297424503 5.82023783889599 15.2429682593793 ex
909 10.7198313942645 3.58805904490873 10.5737480346579 ex
910 14.6646238288376 3.17146825138479 10.0641657519154 ex
911 14.1687975893728 2.79407837917097 9.6375742496457 ex
912 9.20189486630261 6.7339866196271 11.5181719295215 ex
913 9.80752617586404 7.28444447298534 13.1716708100867 ex
914 13.5770029872656 4.51124791498296 14.7820256301202 ex
915 15.7783234787639 4.2262685757596 11.148662264226 ex
916 15.359991438454 2.67787484754808 11.3286012066528 ex
917 13.4036567760631 1.34589105052873 15.2552656237967 ex
918 15.1344501662534 0.510283689945936 14.3790216001216 ex
919 15.1305020041764 7.9852847380098 9.65905279503204 ex
920 10.2829725665506 3.4469568550121 11.1345634141471 ex
921 8.83503602235578 2.86032294132747 13.6451483899727 ex
922 9.79275028663687 6.20807597693056 10.9330265384633 ex
923 9.32113356958143 3.30488417600282 8.11896514263935 ex
924 15.5998137260322 4.36027051112615 9.02226727688685 ex
925 9.31427783891559 7.34947919310071 9.5470743754413 ex
926 9.19016844709404 4.18588675442152 10.3786603147164 ex
927 8.39495234400965 3.13124410319142 11.9797327658162 ex
928 15.3392829312943 5.49928237800486 9.51292968704365 ex
929 12.9978062666487 6.00267279171385 11.5515777736437 ex
930 11.8490244080313 7.72073363768868 8.07434326107614 ex
931 14.7969560872298 0.233076248317957 14.2897136653773 ex
932 14.9454243460204 2.25612202775665 10.3605746999383 ex
933 11.2598435131367 0.205923652742058 10.2333265400957 ex
934 11.9296091871802 6.72008450515568 15.664602679899 ex
935 10.8700894822832 6.64507110626437 12.1188220584299 ex
936 10.6259541115724 4.18026110809296 10.5525696012191 ex
937 15.2035130898003 0.0893462025560439 15.0953814282548 ex
938 10.4976843160111 1.14635855238885 10.7883321295958 ex
939 15.8498500490095 6.13218228775077 11.1062165896874 ex
940 10.9220370580442 6.0037792113144 15.9063604075927 ex
941 9.32270619668998 3.80708564538509 10.4086755476892 ex
942 12.3474806610029 2.47920396504924 11.8709697956219 ex
943 8.21451722085476 2.21426337398589 8.48731241375208 ex
944 12.5899245762266 7.18754098680802 8.81589710223489 ex
945 14.7100961362012 6.6959531523753 11.9971672385 ex
946 15.8534531209152 7.24711219384335 14.1220666386653 ex
947 14.9662481322885 2.55638704705052 13.8818897353485 ex
948 13.1720186695457 6.20443461625837 8.78962750523351 ex
949 13.1538352239877 7.06955654569902 9.43238752824254 ex
950 14.3014846227597 1.07766239228658 10.9366913293488 ex
951 11.4966500177979 3.72748974058777 8.06732010422274 ex
952 15.3719058746938 6.63767588464543 15.1001974786632 ex
953 15.8691481486894 7.12236745469272 8.31894176756032 ex
954 12.5430086762644 1.34486150997691 14.0248803831637 ex
955 8.33999042026699 4.90090344776399 10.8012762689032 ex
956 14.1672413169872 5.77442317712121 14.699438468786 ex
957 11.524809643859 0.309690898284316 12.6433801345993 ex
958 8.24346721032634 0.189629124710336 15.0513251188677 ex
959 9.72820149036124 1.88038506871089 10.8308394702617 ex
960 14.4131345204078 5.93521304987371 10.2666386468336 ex
961 14.6382558075711 4.65409452002496 13.8312370770145 ex
962 9.47961483197287 7.31575747253373 8.51529027917422 ex
963 12.4401007615961 6.49965808028355 13.1602156518493 ex
964 15.1549977823161 1.03294300916605 12.6104950178415 ex
965 14.9109030032996 1.29092231113464 13.6670805918984 ex
966 13.8638559705578 1.62930063111708 8.99524637847207 ex
967 11.4164029969834 3.03007810469717 9.6869459587615 ex
968 10.8828003210947 2.21409486164339 8.47893048636615 ex
969 10.3715474230703 1.74485381413251 14.6572700818069 ex
970 11.3365266919136 1.1201930064708 14.8948605747428 ex
971 12.6988790477626 3.62716902955435 8.05527471052483 ex
972 15.2576627882663 6.45963315130211 8.86385799059644 ex
973 14.1256350711919 7.6707979682833 15.3651612172835 ex
974 8.49967269133776 4.88131327484734 8.85395581065677 ex
975 11.1967153598089 7.86829688260332 13.1106166986283 ex
976 10.7763614247087 5.53536714008078 15.0888569934759 ex
977 11.4208998500835 5.96843956853263 12.3373817370739 ex
978 13.7528902490158 0.642576546873897 12.7086815736257 ex
979 15.2496104803868 5.78971073869616 10.5030787759461 ex
980 10.5532602989115 5.39676170493476 12.9510460707825 ex
981 11.5884217564017 6.78389587928541 10.9294344794471 ex
982 15.9471286905464 6.37136266916059 9.48433681228198 ex
983 12.7974948459305 2.49446594668552 14.060711574275 ex
984 8.63038341025822 2.06527731684037 14.0028824829496 ex
985 12.0209348320495 5.628328085877 13.9420977151021 ex
986 12.7735475467052 3.92570240818895 11.2538919909857 ex
987 8.36233428353444 0.978180538630113 10.7486705759075 ex
988 11.5256267448422 0.0750173791311681 11.5962259289809 ex
989 15.9985068596434 0.478819054318592 11.7345007881522 ex
990 10.2621200266294 3.955006550299 13.3266835282557 ex
991 10.092144400347 1.83787783817388 15.2975988395046 ex
992 12.4506572610699 1.78027174365707 13.746859858511 ex
993 14.099594358122 5.33044822141528 9.12352065555751 ex
994 12.6409076573327 0.447225590469316 11.3722062266897 ex
995 12.703219812829 2.24044558103196 13.8019747196231 ex
996 15.2406511262525 3.98440251965076 9.18632158893161 ex
997 9.13562755612656 0.0238545974716544 13.3698442848399 ex
998 12.5377054922283 5.0928195680026 12.9723169517238 ex
999 10.8834616285749 4.48643911955878 14.0374925271608 ex
1000 11.9803921638522 5.6392280778382 15.1723649979103 ex

