# 1000 of 4000
# Minimum x: 0
# Minimum y: 0
# Minimum z: 0
# Maximum x: 16
# Maximum y: 16
# Maximum z: 16
# <local id> <pos x> <pos y> <pos z> <type>
# Number of local subdomains: 2
# Local subdomain 0 boundaries (-0, 8, -0) - (8, 16, 8)
# Local subdomain 1 boundaries (8, 8, -0) - (16, 16, 8)
1 1.133614057675 10.0312388972379 6.1277622054331 ex
2 3.2361587129999 8.80203565140255 2.72384413122199 ex
3 0.176753137027845 11.2098730434664 5.01420934963971 ex
4 4.47113182814792 12.956838601036 3.38999837799929 ex
5 2.78672589431517 10.0026903629769 2.66768811130896 ex
6 7.5200909501873 10.5091067366302 7.00368289882317 ex
7 0.146926002111286 12.9937026081607 0.675925689283758 ex
8 3.16853816388175 13.1185283532832 7.94773300061934 ex
9 7.33383320970461 10.9350638550241 2.65010567731224 ex
10 1.7196871873457 8.10577649227343 5.33815965312533 ex
11 4.50420281011611 8.52511343639344 6.0675102842506 ex
12 2.33874504780397 11.0408837632276 2.69360887212679 ex
13 0.0965779451653361 14.1117106138263 7.45829537045211 ex
14 4.49302994646132 11.3219878484961 0.924291071482003 ex
15 5.54676693514921 9.54943651240319 1.15173365199007 ex
16 3.3301515262574 11.1014597397298 7.67692380910739 ex
17 1.36150901461951 9.924871515017 4.94421583041549 ex
18 6.68833273905329 11.3121219782624 2.54890780989081 ex
19 2.52151701669209 10.7204189237673 0.221944538410753 ex
20 6.13966369116679 15.9392644427717 0.595334566663951 ex
21 6.55415189173073 15.0491733071394 2.2532811188139 ex
22 4.93875835509971 11.0411008694209 2.42467644112185 ex
23 3.95438667340204 10.3736969854217 5.07633367413655 ex
24 0.672105910954997 15.6078338362277 6.6075732242316 ex
25 1.01919435127638 11.371334907366 4.08713976177387 ex
26 3.73174768220633 8.03993917931803 6.4701027625706 ex
27 2.56376008293591 9.79207308636978 6.8103014358785 ex
28 5.7383879495319 9.27553529245779 0.530919913435355 ex
29 4.82129600690678 11.2539557775017 6.81245628418401 ex
30 1.41648841602728 14.6751940138638 5.39023086545058 ex
31 1.11298870225437 12.7367800781503 3.09224821347743 ex
32 3.59605373581871 14.0997064772528 3.48211075202562 ex
33 6.18367857090198 11.6691490295343 6.48309576069005 ex
34 2.34517275658436 15.4321502067614 3.44512405549176 ex
35 1.7874511599075 14.6243893778883 4.46323694637977 ex
36 3.83568922826089 15.4738954382483 6.41157412226312 ex
37 6.4698524302803 10.8597609684803 4.86181087000296 ex
38 2.76400151196867 8.07576020853594 1.60237127030268 ex
39 5.57596155069768 9.9344061370939 5.65903545240872 ex
40 7.80370874959044 8.71477360930294 3.94549951050431 ex
41 2.08315894845873 8.53038279013708 3.38742581778206 ex
42 3.44531444949098 14.4659895750228 5.08008267101832 ex
43 5.97002722462639 9.94671209924854 2.56993287010118 ex
44 2.98517895420082 11.3344054522458 4.77391765103675 ex
45 6.22710386104882 13.8146414794028 3.78369756741449 ex
46 6.09732583886944 15.840369020123 7.74530456610955 ex
47 2.16324185556732 9.08230385347269 1.80623729084618 ex
48 7.10905896523036 8.50476404069923 2.01404633140191 ex
49 0.326724976766855 15.6195944766514 2.95712706889026 ex
50 0.818267537979409 11.8212174430955 6.10309322574176 ex
51 4.53033234039322 11.5960894322488 3.06289926241152 ex
52 5.26457535289228 15.6810983256437 4.34061578684486 ex
53 6.06616332870908 9.26659950637259 7.11466806661338 ex
54 6.84475066768937 14.9193887377623 0.356332733063027 ex
55 5.65482051111758 13.9079465903342 0.348216598387808 ex
56 7.18296281783842 14.1239327385556 4.38762037781999 ex
57 3.00861965958029 9.68829442374408 4.19045760389417 ex
58 1.26009901612997 13.510593659943 5.19546082871966 ex
59 6.09081117413007 8.37744723958895 2.67623158195056 ex
60 3.45907166413963 15.4423036493827 2.60096274875104 ex
61 4.84870342840441 10.7575848402921 2.994448664831 ex
62 7.26272119302303 11.4634589112829 4.78512027324177 ex
63 5.13778896746226 10.1303376129363 5.04695294378325 ex
64 3.13794290577061 12.390851842938 1.08161871670745 ex
65 6.14388220803812 9.99404907342978 4.42100354726426 ex
66 0.0616311179473996 10.9570259861648 7.96042343694717 ex
67 2.90885433461517 11.6640271493234 6.8689006306231 ex
68 6.82762952335179 12.7445143519435 6.81850246805698 ex
69 4.3961720818188 15.0227769599296 6.28886127425358 ex
70 7.42501998320222 13.5637948131189 6.39710100414231 ex
71 4.60140202194452 15.8363549525384 3.58230495802127 ex
72 4.57370824739337 15.527574402513 7.76294810627587 ex
73 0.285146519774571 13.2123930626549 1.74499089829624 ex
74 3.34556326782331 8.76808276749216 7.57776700612158 ex
75 5.99521544808522 15.0991101623513 0.563378428807482 ex
76 7.15147872967646 11.7104479141999 1.26815815363079 ex
77 1.83522157068364 12.4486347520724 1.87093133758754 ex
78 7.94151190971024 8.84686135291122 6.29526820965111 ex
79 3.09677514829673 8.00731488363817 4.40871477965266 ex
80 4.04295855225064 12.8605862213299 7.58040563156828 ex
81 1.5269120123703 10.1180202581454 3.28446187661029 ex
82 5.99490051437169 8.54188163671643 5.86698048422113 ex
83 1.51362327486277 9.26556922891177 1.1964035150595 ex
84 4.05019868211821 13.7126578253228 1.96760982600972 ex
85 1.28539727278985 9.46564727765508 3.98917604843155 ex
86 3.1190855181776 9.57435682299547 5.90000138012692 ex
87 2.39654302643612 13.5173648123164 7.91614113468677 ex
88 7.71281111310236 10.6616041760426 5.11567518650554 ex
89 4.78588026552461 14.7994138861541 2.87243035063148 ex
90 7.54636431275867 11.4506130490918 0.0789147117175162 ex
91 5.72698347992264 9.49938697507605 7.99216468376108 ex
92 2.12016827682965 8.11297323438339 7.55533741228282 ex
93 7.39277723594569 12.5903424690478 7.16323589463718 ex
94 2.34014663496055 11.9651832096279 5.68644408672117 ex
95 2.18576562847011 8.37024692702107 6.80973156564869 ex
96 1.21068494184874 13.6001883277204 7.84685354726389 ex
97 1.01369634410366 15.9749214272015 6.2180379552301 ex
98 0.575536242453381 9.69776065903716 7.55372146493755 ex
99 3.20260587171651 12.7182315988466 4.45237443177029 ex
100 1.19802370783873 14.9679361411836 7.08699754322879 ex
101 7.42080477951095 8.35088468785398 4.41576843359508 ex
102 2.20128704444505 13.8276855063159 0.395652496023104 ex
103 0.75777208362706 10.9367684994359 4.12705728062429 ex
104 7.68398849433288 13.6350131123327 2.21585948718712 ex
105 6.03620810760185 12.7634151245002 2.55685206782073 ex
106 4.17177090398036 12.913760228781 4.81480627437122 ex
107 3.82123186555691 14.9323968570679 6.4050480783917 ex
108 1.71999327186495 15.9369351516943 5.6408431334421 ex
109 6.48599941772409 14.0351277214941 7.68644307600334 ex
110 5.97953308443539 13.6187782851048 7.959281969117 ex
111 5.04623293504119 11.8285446930677 3.64945711521432 ex
112 0.188943909248337 11.6524922836106 2.54833435243927 ex
113 2.71756514743902 13.3776431132574 4.15253076143563 ex
114 0.206933776149526 12.3869750299491 1.90874579106458 ex
115 1.677654071711 14.2088950171601 3.68439173372462 ex
116 7.99717267230153 12.0852053973358 4.06777663272806 ex
117 5.75140977906995 15.1872319837566 3.39980209153146 ex
118 4.12479533767328 11.6606183480471 1.36764959944412 ex
119 4.66101598949172 10.1550650121644 7.36566879344173 ex
120 0.936262811068445 8.71434642281383 5.14714204962365 ex
121 4.43974577542394 13.7585850607138 0.913781470153481 ex
122 1.62966057518497 11.969934144523 2.36550526879728 ex
123 1.51622587186284 8.9814956348855 6.73124429117888 ex
124 4.68039814196527 9.74490360077471 5.16067170654424 ex
125 3.68673494900577 8.39513343106955 0.32823436986655 ex
126 5.02521658572368 8.46726082544774 6.24970082030632 ex
127 3.14666678523645 10.2323561997619 6.33400930976495 ex
128 0.975260790204629 12.3720012942795 3.22373192082159 ex
129 6.00350567884743 9.31239611492492 3.65614612959325 ex
130 4.52548032184131 10.1782450797036 6.75077711022459 ex
131 5.99300703220069 9.33518406911753 6.88348007458262 ex
132 6.29989837645553 15.8913372210227 3.56577778817154 ex
133 1.3076313289348 15.421026022872 1.76802910421975 ex
134 5.1022114502266 11.1808974503074 7.54553796793334 ex
135 7.77372175105847 13.1829596317839 3.34149325522594 ex
136 1.51002054102719 11.8123643875588 7.02647344768047 ex
137 4.37068116315641 8.39992023468949 1.73600633558817 ex
138 4.19258366734721 11.0324682812206 5.67946632043459 ex
139 1.1458367924206 12.7312295311131 5.55729332286865 ex
140 7.81466515781358 12.8237716867588 1.64048543036915 ex
141 2.85522723407485 11.8494078593794 7.4725091161672 ex
142 6.0299579075072 15.9513990681153 4.20712725655176 ex
143 0.219522302504629 10.6590018151328 2.79553624382243 ex
144 7.85416480456479 13.9650930573698 7.2480918217916 ex
145 3.7550367906224 12.3856418710202 0.589721288764849 ex
146 1.42019421514124 13.1565828304738 0.494129918050021 ex
147 4.11064174259081 9.29338321951218 3.83164475648664 ex
148 4.52616850635968 12.3230588682927 1.11846117721871 ex
149 0.970979699864984 13.3832142630126 4.68460676632822 ex
150 3.58230273099616 10.5904431715608 7.9201951767318 ex
151 6.88488713628612 13.2765911701135 0.657575468532741 ex
152 3.10733423102647 15.071583335055 7.85016319528222 ex
153 6.82719880342484 13.3539368517231 6.82899303571321 ex
154 4.45813322812319 15.6363273246679 2.62950687622651 ex
155 3.54581707832403 15.694964219816 4.14803394651972 ex
156 2.94502347544767 12.7439614851028 2.8389700173866 ex
157 7.57665639836341 13.8960777574684 4.63338696118444 ex
158 6.11039260867983 10.0207888295408 3.38327967864461 ex
159 0.825043220538646 10.2436524396762 0.745320196961984 ex
160 0.490678884088993 8.11752689233981 2.98577794875018 ex
161 0.530554290860891 8.23606653721072 6.0949534100946 ex
162 4.31338279135525 13.7264431633521 6.62260837573558 ex
163 2.32164110825397 15.2463406405877 2.81826643482782 ex
164 2.19375930214301 14.6522873092908 3.28959157364443 ex
165 4.30245940107852 10.743840651121 1.9403746528551 ex
166 0.635714907199144 14.6745446245186 5.19974714773707 ex
167 5.70806463551708 12.0630056194495 0.948060260387138 ex
168 1.68628589017317 9.83250907273032 6.22897067293525 ex
169 5.32250389875844 10.4621635046788 4.75654165446758 ex
170 2.88297718577087 12.6436072951183 7.35610330640338 ex
171 4.13577702222392 15.0858563384973 1.58523724647239 ex
172 5.51165528176352 14.0678930582944 0.0106799616478384 ex
173 1.70051528187469 11.3307101265527 0.852697103284299 ex
174 5.86598159815185 10.0042273574509 7.92969684395939 ex
175 2.85302830161527 14.4933675418142 4.60051599983126 ex
176 0.602063987869769 9.76268805097789 3.04361649416387 ex
177 1.8438326260075 8.29081023670733 4.45165996812284 ex
178 0.846853778930381 10.1518712842371 6.86257736198604 ex
179 1.14751167153008 8.74439835385419 3.87528994376771 ex
180 4.16735247825272 14.837679839693 6.59637811779976 ex
181 7.43349205260165 9.36133061139844 1.63653964991681 ex
182 2.0053147864528 12.1285948706791 1.36425859644078 ex
183 2.56905553513207 12.0093678873964 5.50533361244015 ex
184 1.68887469847687 13.8954710033722 6.58456276520155 ex
185 0.154696923680604 13.4928574096411 7.03605555603281 ex
186 3.20011117565446 9.1550837806426 7.52507291757502 ex
187 7.98432081355713 12.519091932103 2.53173091961071 ex
188 3.78508995124139 11.7707203403115 4.61202785535716 ex
189 2.27224034792744 14.2008401546627 0.691725452197716 ex
190 4.29057775973342 13.8766136588529 2.03373148012906 ex
191 5.59054782474414 14.8688005348668 6.70984723395668 ex
192 1.72920181509107 14.0137467426248 1.89073291607201 ex
193 4.09605801315047 12.5318655977026 0.521202407311648 ex
194 6.66748761176132 13.5462312104646 2.52498463680968 ex
195 3.02389820758253 12.7720386246219 7.98956606606953 ex
196 6.90155866509303 9.86344423121773 2.29400846874341 ex
197 2.1435503680259 8.51952422759496 2.93151557072997 ex
198 2.00923461117782 10.9913036150392 4.94653757987544 ex
199 7.19049660582095 11.7809068942443 6.11859075399116 ex
200 4.14427419612184 14.5045714073349 1.25010997639038 ex
201 6.85280175344087 8.35394750558771 0.15695665194653 ex
202 6.71931692678481 13.9198863506317 5.19856693758629 ex
203 1.73130605975166 12.5563488288317 0.702050250722095 ex
204 7.54850589158013 11.2227058717981 5.18618800281547 ex
205 7.71776966773905 9.10663755261339 6.12675582873635 ex
206 3.17217216733843 11.7589214835316 6.64371308474801 ex
207 3.53938031941652 8.31593519030139 5.50985354045406 ex
208 6.51009060000069 11.9999455867801 7.71047863247804 ex
209 6.13950908044353 13.0647135355975 1.87703234842047 ex
210 4.36521077551879 8.01819111965597 7.26610452355817 ex
211 2.22476849379018 12.9220393365249 3.28656608425081 ex
212 5.36298048053868 12.7534446828067 4.19399432442151 ex
213 4.17970359348692 15.3208073449787 5.1197524254676 ex
214 0.141796919517219 11.0487356132362 4.1786170725245 ex
215 2.56502331909724 15.697810305981 4.07794123678468 ex
216 5.06430781190284 11.8912809146568 2.80952439876273 ex
217 3.43506284849718 10.7714260686189 1.90584662160836 ex
218 6.79477762803435 15.4127270607278 5.71756745292805 ex
219 3.12865698733367 15.6064363357145 0.766098364489153 ex
220 7.65819271979854 15.1981421892997 6.73155073844828 ex
221 0.825183097040281 9.20100663695484 5.57057637302205 ex
222 1.87933916598558 10.8215608720202 5.87627672404051 ex
223 6.8356300170999 11.4253825275227 0.960308021400124 ex
224 0.422579798381776 10.5151752356905 1.01511293882504 ex
225 2.18604437238537 14.7730914943386 7.61520408908837 ex
226 2.93113398132846 15.9117412809283 0.471294505055994 ex
227 6.66646311548539 10.8788128455635 0.599510867148638 ex
228 3.94826740049757 12.309762040386 2.97624118765816 ex
229 1.59447863069363 14.3480790199246 2.75045087537728 ex
230 2.94501535547897 15.2698059652466 7.81610400881618 ex
231 4.72316966182552 12.3441934874281 2.73045432195067 ex
232 4.70632388140075 10.7160067101941 3.03106771782041 ex
233 5.14372814749368 12.0417580895592 2.79439488030039 ex
234 0.0321482671424747 12.4657061239704 2.66510914871469 ex
235 1.41194101423025 12.8454297166318 2.12455773726106 ex
236 4.46664023608901 13.0521952451672 4.83681501680985 ex
237 0.486625710502267 15.0221125669777 3.92154759913683 ex
238 2.56372255389579 10.634809358744 1.27893477049656 ex
239 2.10203119763173 9.13261846872047 4.12969061383046 ex
240 1.93540924857371 13.5069667324424 1.46926601440646 ex
241 2.50695063965395 12.1411597449332 6.32203998113982 ex
242 1.64987951912917 12.4100739946589 6.03267918364145 ex
243 0.801162431947887 13.4927539573982 3.07827963586897 ex
244 7.50877722771838 14.9578085115645 6.77579887327738 ex
245 6.69854924920946 11.0849714758806 1.6302162646316 ex
246 3.71683401428163 12.4374678488821 3.55374213587493 ex
247 4.34330546553247 13.3023757401388 3.00782580929808 ex
248 1.88820055336691 9.51548117911443 0.436477896524593 ex
249 5.83989619836211 11.7835801364854 1.1706537338905 ex
250 6.82021021493711 10.3722523087636 2.47521837288514 ex
251 2.84060990717262 8.86578268953599 5.97087216214277 ex
252 1.91660727187991 10.4881711087655 7.35749726649374 ex
253 4.97050073393621 9.17801835387945 4.27742631081492 ex
254 7.54372497065924 15.0387859023176 5.87324870564044 ex
255 5.27279596030712 13.5399917741306 4.24010487482883 ex
256 1.5601427173242 13.2909909142181 4.87672585854307 ex
257 4.31395622831769 8.09609057032503 3.74359388113953 ex
258 4.9553805612959 15.4310661565978 0.851956747472286 ex
259 5.53893679194152 8.90778077719733 1.73148788511753 ex
260 7.56078146421351 14.8146940160077 0.441316248849034 ex
261 5.60936126345769 11.4856555976439 0.306374476058409 ex
262 2.7243084278889 14.4156471604947 1.93578312429599 ex
263 5.84999577188864 10.5155432764441 0.154213566333055 ex
264 6.7602606145665 14.8288209396414 2.54718630271964 ex
265 3.14623191650026 13.395617213333 2.99092106870376 ex
266 3.57142780255526 13.6328376496676 5.67629643366672 ex
267 0.302228184882551 8.81943616317585 3.58113958011381 ex
268 5.61630073445849 9.54568738909438 3.2193026735913 ex
269 7.07583836535923 13.5511155473068 1.80214728671126 ex
270 7.72035216214135 14.0309037656989 1.26400026795454 ex
271 6.42151323356666 12.8149781227112 7.29859650251456 ex
272 2.35586601262912 11.6932237998117 0.260288485325873 ex
273 0.317091246601194 8.35841617477126 1.52237274195068 ex
274 2.50956354779191 13.0214756364003 5.68146295542829 ex
275 1.42391557898372 15.7534969043918 3.3567272357177 ex
276 4.73075848352164 8.86012796824798 5.49979130877182 ex
277 3.67445364641026 15.7559003094211 3.73270110972226 ex
278 6.74576400406659 9.09798375028186 0.542772793443874 ex
279 7.99472657218575 9.98740841448307 5.92100418964401 ex
280 3.51886326144449 11.068631301634 2.69800652284175 ex
281 0.960270123789087 15.1823404035531 1.04064205032773 ex
282 5.98758811783046 15.0795489700977 6.68027134053409 ex
283 7.78121489635669 10.2094336561859 1.19360441388562 ex
284 6.45111288246699 8.1472804734949 1.32679495750926 ex
285 5.38137790234759 12.5849856433924 6.59344116109423 ex
286 0.659353478578851 14.1169857583009 2.27443275973201 ex
287 1.50537172239274 9.99288182007149 5.65956300543621 ex
288 1.90888841939159 15.0960006639361 7.09688833262771 ex
289 3.24293316761032 10.0266993304249 2.90674371528439 ex
290 3.08963331370614 9.78205015044659 3.56833051424474 ex
291 6.23683602479286 10.7971504698507 1.04187038470991 ex
292 1.6582207463216 10.8048637525644 4.63735795230605 ex
293 3.56558503047563 8.29016870050691 3.41771488892846 ex
294 5.26802427042276 13.7783906350378 3.67526538204402 ex
295 4.76010545226745 9.83237111289054 2.18848542263731 ex
296 7.67836282891221 9.54717243579216 4.06094909855165 ex
297 2.78799684974365 8.82497822213918 0.121076159412041 ex
298 5.18771923775785 8.48723454982974 7.79040853935294 ex
299 4.78845247114077 13.6202990096062 5.71364865452051 ex
300 7.63755976781249 14.797593381023 7.57910936977714 ex
301 3.83273542835377 13.4834231946152 1.85339483921416 ex
302 5.29397325846367 12.3917248342186 5.07025429722853 ex
303 6.97121865791269 15.0412468605209 6.93369531049393 ex
304 2.48405669233762 10.293506658636 6.16448861779645 ex
305 7.81481724069454 15.8794072708115 1.65626892703585 ex
306 1.81114966422319 15.7571249038447 2.47079939791001 ex
307 7.54973706253804 15.1864812592976 2.60996260936372 ex
308 0.578495296416804 9.38484064047225 2.04357379442081 ex
309 1.24475607834756 11.5314526723232 6.96085740462877 ex
310 4.278628727654 8.82379273558035 2.56036066287197 ex
311 5.37185635557398 8.28713973821141 0.065628252690658 ex
312 3.19121313188225 11.4994513124693 0.89754466782324 ex
313 4.1151637416333 14.3414400178008 0.701919081853703 ex
314 4.13600334664807 14.0585970752873 3.54686383646913 ex
315 0.469259553821757 14.9845148057211 1.14639758132398 ex
316 4.84825444873422 12.401854418451 6.28769683185965 ex
317 3.1847470800858 9.75801583239809 0.39618159015663 ex
318 6.73536778590642 10.6896021554712 6.35264005884528 ex
319 6.81948851235211 13.2869248474017 4.37527029775083 ex
320 4.59811182855628 15.0553743271157 4.89734205347486 ex
321 5.92131154774688 14.1781300120056 3.95758294756524 ex
322 5.40253964508884 13.7193738492206 5.17004308733158 ex
323 3.47445914754644 10.7158238023985 0.594852880341932 ex
324 3.11840234301053 14.9411075187381 7.28771555749699 ex
325 6.76090436661616 15.1558710823301 1.98364837048575 ex
326 1.28591562923975 11.6529329544865 5.67750494321808 ex
327 3.26105996966362 15.8223375775851 1.84731499175541 ex
328 7.17164484714158 15.8553064195439 7.55115608079359 ex
329 5.70414228155278 11.2395942828152 6.92169913207181 ex
330 4.76687468821183 10.1752828012686 5.83576729870401 ex
331 3.56920677493326 14.5368151997682 4.96296152030118 ex
332 7.00865159532987 15.1773273060098 3.60202283319086 ex
333 5.24289358942769 14.8571034434717 7.18513661553152 ex
334 1.04051725962199 11.1474230717868 1.59415628388524 ex
335 1.20849081035703 14.7339990404435 6.85264360718429 ex
336 6.14628233807161 12.9597954493947 5.45904073421843 ex
337 1.88015117659234 13.8924382252153 3.75811610068195 ex
338 0.787629987578839 13.0892287858296 5.26592211308889 ex
339 5.34810253279284 13.6461565264035 2.6452985170763 ex
340 7.61743470421061 10.6966211264953 6.33229132462293 ex
341 1.61972117121331 8.53171300492249 0.479265726404265 ex
342 3.03665130701847 14.1710481641348 0.49397658999078 ex
343 3.93294214922935 13.1869828803465 0.0690395028796047 ex
344 7.33129545790143 11.8472141982056 7.27635989966802 ex
345 5.43211100413464 15.1191694927402 1.28396926284768 ex
346 5.93517964379862 12.2295176375192 3.91092740790918 ex
347 6.45037817792036 12.5643190820701 0.70665661804378 ex
348 4.32600395265035 10.8080479765777 4.23223870131187 ex
349 0.41908186674118 15.0523122386076 7.90367471729405 ex
350 4.48287345119752 9.38593880273402 0.583748358301818 ex
351 4.53946763742715 14.9110237336718 4.09806907270104 ex
352 0.0701164423953742 15.9735645053443 4.94771735719405 ex
353 6.1348148395773 9.08589824941009 5.61220001638867 ex
354 5.14457358047366 15.2144038397819 2.21809945860878 ex
355 5.74440346006304 14.7380562110338 5.68907507834956 ex
356 0.72270571696572 8.5949467793107 0.709129814291373 ex
357 3.41615499136969 10.3333229788113 3.82454029610381 ex
358 3.67304531880654 11.5478060008027 5.35093184257858 ex
359 4.72599629079923 9.8817268491257 7.4200211816933 ex
360 6.11497148219496 11.3861607457511 4.75576442223974 ex
361 6.21705509349704 8.08992678718641 3.60432364512235 ex
362 7.70907688932493 13.6021681516431 0.0269910139031708 ex
363 5.40478607779369 8.06965872901492 3.8639277194161 ex
364 0.324980470119044 8.80436949362047 7.06452692090534 ex
365 5.18215913232416 11.3243068475276 4.9621312324889 ex
366 4.24370031896979 8.31087030819617 0.71207650587894 ex
367 6.25831842795014 13.6692560540978 7.22148658451624 ex
368 5.99589523579925 10.0569940442219 6.1763604900334 ex
369 7.87934874044731 8.88227412290871 5.40531749278307 ex
370 7.25511396187358 15.706157467328 4.90241994545795 ex
371 3.98814432299696 13.2800216036849 6.50719125848264 ex
372 0.761802149238065 9.97792093176395 0.118647669674829 ex
373 2.60621636966243 15.8605509710032 6.52407385688275 ex
374 2.22235975763761 12.6116476096213 4.0224741208367 ex
375 6.02238887944259 14.3377389563248 6.53410966182128 ex
376 0.995453774696216 11.9756884274539 3.60497456858866 ex
377 2.07872264645994 13.1833250068594 2.18641140125692 ex
378 1.73482058243826 12.1462092136499 4.21163841919042 ex
379 2.72192516876385 14.8457537693903 2.765908455709 ex
380 2.42273248708807 10.9054565548431 7.68340144911781 ex
381 3.66781097836792 11.2941989528481 1.56665973784402 ex
382 0.125170483253896 9.92052324744873 4.92571608070284 ex
383 6.85464028315619 14.8519442735706 1.87453807541169 ex
384 2.56584296631627 9.62013307563029 2.25643593189307 ex
385 6.56343044899404 10.9230927680619 7.6984668681398 ex
386 5.20474827080034 8.63890840508975 4.73340693046339 ex
387 5.53476896090433 9.40276714065112 4.0610855568666 ex
388 6.02891693334095 8.26731136185117 6.60873710433953 ex
389 6.62036712514237 11.3798569217324 3.74578338931315 ex
390 5.30562261654995 11.7523147978354 5.27206080430187 ex
391 6.51711276592687 14.8396603772417 4.16357929445803 ex
392 3.48239635466598 14.2329482424539 1.0073128300719 ex
393 6.95652092783712 8.79867658414878 4.41951113659889 ex
394 0.599830593215302 10.4813681568485 5.66079354193062 ex
395 1.91841982817277 13.5946914493106 2.63364480878226 ex
396 3.95638746279292 12.8941327603534 5.77523662266321 ex
397 7.98429701128043 12.6047836553771 6.83755409065634 ex
398 4.67494057537988 13.4159496934153 7.02834227844141 ex
399 2.73494821949862 8.08678515558131 4.54011238133535 ex
400 6.7965068325866 8.22097245184705 7.10974480397999 ex
401 0.0205046928022057 8.89977389876731 4.05696627916768 ex
402 1.65754320309497 9.30491645773873 2.0867275018245 ex
403 3.10314926598221 8.06511676334776 1.01172247389331 ex
404 2.83898105053231 13.6089475310873 1.52443912555464 ex
405 7.77941335481592 10.6110634200741 3.92196775134653 ex
406 2.02870116103441 12.8739106992725 0.835551147582009 ex
407 4.0133440438658 10.6622289693914 0.977733226493001 ex
408 6.48269868898205 14.8147267817985 5.55750219826587 ex
409 0.448877960676327 15.3799525448121 5.99735369812697 ex
410 7.39382356521674 9.60187090793625 3.1473152237013 ex
411 5.0061251888983 10.0064242142253 2.73754438222386 ex
412 5.3773129414767 15.9313664811198 7.49186486541294 ex
413 1.44178864452988 8.72566475649364 2.67804357269779 ex
414 6.26400219276547 12.8882227716967 1.56662746984512 ex
415 4.53685232787393 9.548878808273 6.57215346209705 ex
416 0.588910805527121 13.3105743641499 6.00024356576614 ex
417 6.0945270836819 14.9165178448893 3.74841893953271 ex
418 1.43854179512709 8.5116822484415 7.91473117331043 ex
419 7.22552051837556 9.06744152191095 7.85255691129714 ex
420 5.30169770866632 15.5093143987469 5.28805690607987 ex
421 0.517352054826915 12.0246986099519 4.09197057015263 ex
422 3.18619180331007 9.367518219864 2.08052941854112 ex
423 2.65025546448305 14.9491994369309 6.09316757880151 ex
424 3.26635950640775 10.7803132256959 4.68751634797081 ex
425 0.428669335087761 11.0171721659135 7.11343962210231 ex
426 7.88381455652416 11.7694749392103 3.96903403336182 ex
427 7.25496272649616 8.8495996913407 7.35884288162924 ex
428 2.35075186053291 9.57075790641829 5.03984195971861 ex
429 7.21233477280475 8.74163800198585 1.60294287558645 ex
430 5.74713365547359 14.4272766069043 2.38020332250744 ex
431 3.00392281031236 13.5642896660138 3.04358772421256 ex
432 3.1509069474414 9.74335063039325 6.91290109278634 ex
433 3.4659201100003 9.09031849959865 1.62426723097451 ex
434 6.51841864944436 10.4795740137342 5.93093635048717 ex
435 7.5422703770455 10.1145177271683 4.77735056891106 ex
436 5.25596133549698 13.3718841059599 6.68551830854267 ex
437 3.63684875913896 11.5118389886338 3.05266489065252 ex
438 7.05485252779908 12.1164479013532 3.48010714491829 ex
439 5.2854058179073 8.2129597349558 2.034142811317 ex
440 7.61386348144151 14.4803804510739 5.87110955896787 ex
441 0.249210915295407 15.7802847449202 0.605891123879701 ex
442 3.53660890553147 14.1817240878008 2.87957467255183 ex
443 5.96906407386996 14.1131997487973 4.63423632015474 ex
444 4.59644898679107 8.29979811701924 4.1788083431311 ex
445 1.34316771407612 12.1950051055755 7.7964882934466 ex
446 5.8866636059247 13.3826537565328 1.72929233964533 ex
447 1.05749495676719 9.4132333744783 7.1658187226858 ex
448 1.10276355990209 8.62263525906019 1.75071900803596 ex
449 2.89238616893999 13.3161594911944 6.1232791536022 ex
450 1.2586970240809 10.3208409417421 0.522870001615956 ex
451 2.83554646722041 11.1542208765168 3.72242900752462 ex
452 1.44916644389741 10.7472374939825 1.70436853473075 ex
453 2.04424077575095 10.4394289515913 3.33178339409642 ex
454 6.04076668363996 11.1650997055694 5.42707363213412 ex
455 2.52982457284816 10.3196924040094 5.310861392878 ex
456 0.470229365862906 11.1277634156868 0.408049462595955 ex
457 7.54468777030706 9.8219649491366 0.455151027068496 ex
458 0.65372466808185 12.0913049180526 7.94477382279001 ex
459 6.40782081568614 9.41341405175626 1.58803912857547 ex
460 0.514038270106539 13.042317438405 2.9677216890268 ex
461 1.34435900161043 11.1871480173431 3.96556201064959 ex
462 1.47189212171361 14.3201250799466 0.412213136674836 ex
463 7.2997309952043 10.7567706743721 0.715991132659838 ex
464 7.66494843736291 13.676517073065 5.32882254105061 ex
465 0.0299688423983753 12.3895369488746 5.43774678977206 ex
466 3.47597007779405 13.5721425821539 4.40461135748774 ex
467 0.828387718182057 14.6670706069563 0.0975976546760648 ex
468 2.60455568297766 13.0700778493192 3.21535548451357 ex
469 2.98181728809141 9.718570320867 3.85953248105943 ex
470 0.0958424329292029 9.75186762679368 6.47827134397812 ex
471 5.46756147011183 10.0716938709375 1.76399110467173 ex
472 6.39233167027123 8.08803333807737 5.51121588330716 ex
473 2.8101698870305 14.5724500452634 5.38377125398256 ex
474 6.08711291453801 12.3084670682438 4.23645122605376 ex
475 0.646720577729866 12.8040397469886 6.23940259101801 ex
476 4.7645250055939 14.5168164931238 7.37156590004452 ex
477 6.45454152999446 12.3242949973792 3.53675561817363 ex
478 7.8194058299996 11.3548779194243 2.64397828979418 ex
479 2.58971672016196 9.02386831887998 7.51690225163475 ex
480 5.77459591440856 14.3521469484549 1.54558141366579 ex
481 4.72660236735828 11.7902295775712 7.16323702875525 ex
482 2.40757745457813 11.6044566677883 1.00589962792583 ex
483 3.6648057193961 12.0185094564222 6.45183224626817 ex
484 0.0895847047213465 14.3617432350293 4.22318172035739 ex
485 1.57847278844565 15.2383210021071 4.68937019025907 ex
486 2.68128058570437 15.1811809868086 1.03619631915353 ex
487 7.61087268008851 8.67741578351706 0.690225670579821 ex
488 0.225078968564048 14.2702859127894 3.26922898902558 ex
489 7.27561397501267 15.6337696849369 0.40361016546376 ex
490 0.470804026117548 13.1884266382549 0.396574092330411 ex
491 7.18232752243057 14.4021877720952 2.11958452151157 ex
492 2.4427278698422 15.9078524683136 5.34213707805611 ex
493 7.6432582938578 9.07326928409748 2.83818884869106 ex
494 7.69304148154333 14.0704565276392 3.00261384714395 ex
495 2.29454622184858 9.04966903338209 0.520004844060168 ex
496 5.67774460930377 10.1570463858079 3.01458542328328 ex
497 4.24798952322453 14.6377679230645 5.60029151826166 ex
498 4.84985788329504 12.2140617924742 5.07704723579809 ex
499 4.54702183860354 11.2925083932932 4.10762252612039 ex
500 6.26494895061478 9.32934622326866 6.28756329487078 ex
501 8.42176511161961 12.403670577798 5.65561199304648 ex
502 8.73843654058874 13.17466140748 1.8645602108445 ex
503 12.7063157183584 12.5360788148828 7.13724191277288 ex
504 12.310695250053 15.9648699066602 0.726249776314944 ex
505 14.8148550137412 15.3574742621277 0.386818126775324 ex
506 13.5236763271969 12.6106766425073 4.21565549843945 ex
507 8.32740774517879 14.2155590075999 7.90370357083157 ex
508 14.5169134209864 10.3852918585762 2.78641520021483 ex
509 13.7130543258972 8.858853521524 2.29707323084585 ex
510 9.05638080090284 11.959915012354 3.31194457248785 ex
511 15.6806665791664 10.1220044381917 6.0914370464161 ex
512 11.215854389593 15.0486836421769 5.68980320100673 ex
513 14.1111409557052 13.1389394565485 3.53457883442752 ex
514 11.491351139266 10.4812740588095 0.0768671368714422 ex
515 13.4904871762265 11.8932869667187 6.33606295567006 ex
516 8.25831500557251 8.96458220132627 0.846260273363441 ex
517 15.5280526338611 8.8077498532366 6.94794763461687 ex
518 10.6343632885255 10.6968487014528 6.62414096156135 ex
519 10.1652069534175 11.7567860132549 5.19220433500595 ex
520 10.4539331905544 10.4367642269935 7.75959111563861 ex
521 9.22963675949723 15.1826687538996 5.91650672047399 ex
522 12.7694603200071 15.880286997417 2.72943406342529 ex
523 13.1419210548047 13.7034021965228 3.11905186600052 ex
524 13.6673431377858 8.96825362322852 0.305020958185196 ex
525 10.3152784018312 14.625097213313 7.78562563587911 ex
526 13.3074508449063 11.8252447729465 2.06512633594684 ex
527 8.40319368685596 12.6670786743052 1.2020646634046 ex
528 8.00405559060164 10.1551719771232 6.3877481687814 ex
529 15.2099389559589 11.5783822585363 1.08556941128336 ex
530 14.1408339117188 10.1504009335767 4.07231043861248 ex
531 14.0149752071593 14.8653861258645 6.47571312915534 ex
532 15.0358742256649 10.5422315979376 5.69849951169454 ex
533 14.7625785896089 9.83895022422075 2.81345787737519 ex
534 8.29725464852527 11.7528994604945 2.06879629264586 ex
535 14.1611466985196 15.103849145351 1.73854287271388 ex
536 15.2232824189123 9.16923039732501 3.39175016921945 ex
537 10.9705991719384 9.30870207748376 5.7610571894329 ex
538 10.1885182019323 12.4540849481709 0.0564328096807003 ex
539 11.4633967198897 14.8179890401661 2.79930252279155 ex
540 8.4191273925826 9.57972592930309 1.40117668872699 ex
541 8.97572167566977 14.0156242472585 6.23155276989564 ex
542 15.204781123437 8.4913971493952 4.58414846053347 ex
543 8.04526772117242 9.2802510522306 2.07197310402989 ex
544 9.94931678008288 13.5150102828629 7.10269840667024 ex
545 15.0698952975217 12.8456343910657 5.45689672301523 ex
546 9.14784405310638 13.0044782776386 6.39559562015347 ex
547 12.0069896744099 9.55509213567711 7.32014846103266 ex
548 14.7734455405734 12.3744687431026 1.85909941699356 ex
549 13.4204121027142 12.0386736099608 2.57995078386739 ex
550 14.7318553477526 8.69981555361301 5.57299939310178 ex
551 15.107894758461 14.1544419666752 3.51425893884152 ex
552 15.6284195482731 13.2558389485348 1.33113565016538 ex
553 10.5210994810332 10.83795156423 3.37988461810164 ex
554 12.7465804249514 15.6835991367698 1.38389513408765 ex
555 9.2440775569994 13.1900994572788 5.00407461123541 ex
556 11.3047058526427 15.6797435733024 3.42313617444597 ex
557 10.6714047512505 14.049570329953 1.52995484042913 ex
558 11.1490987483412 13.6610946734436 5.93387191952206 ex
559 15.5237643239088 11.8327633524314 4.29266866482794 ex
560 10.1800288017839 15.0612727783155 6.01446077041328 ex
561 12.7037704787217 11.5827715818305 2.79257146292366 ex
562 12.0877162767574 10.1503765725065 1.6988381119445 ex
563 12.4606105876155 11.5338580664247 5.33125511137769 ex
564 15.2521150647663 8.00335361203179 0.325110100209713 ex
565 9.24005555128679 12.0024272454903 0.915314110228792 ex
566 9.89000379550271 9.42615805077367 5.21772434026934 ex
567 11.474119765684 8.23398377723061 6.39962697285227 ex
568 15.1564579177648 9.25906147551723 5.6109550348483 ex
569 9.59093957371078 14.2601017311681 6.65407396620139 ex
570 10.4717147699557 12.8539257859811 5.10588943958282 ex
571 13.226356662577 14.9556475849822 3.79961266578175 ex
572 14.4311434852425 11.1619616779499 6.99456396792084 ex
573 12.0441806996241 10.0886062476784 4.52119467779994 ex
574 10.6774668400176 11.0239482435863 7.86807075329125 ex
575 11.2297293667216 8.55744386906736 1.4596876821015 ex
576 8.82013297290541 8.92160034342669 3.75197403552011 ex
577 11.9029519576579 13.1241514142603 4.93144036550075 ex
578 12.0642254478298 14.5957689397037 2.45931320730597 ex
579 15.4224971639924 14.2360840539914 4.94714296795428 ex
580 10.3271142512094 9.56977568683214 1.07238065917045 ex
581 11.0217578273732 12.3842072149273 7.84254452167079 ex
582 15.3822129650507 13.8784983388614 5.3288834230043 ex
583 9.40162029326893 10.3834164408036 0.689160892739892 ex
584 10.8943399628624 14.7847343867179 3.94269643165171 ex
585 12.4142507531215 15.2897657579742 4.92560891504399 ex
586 14.2928013966884 13.2023190238979 0.42741000582464 ex
587 9.16221037856303 8.7593846344389 3.19866444729269 ex
588 15.7208753388841 10.4341330945026 7.61454916046932 ex
589 12.5319313120563 12.0879363284912 0.834569366648793 ex
590 10.6754145852756 8.8569706378039 6.56520346435718 ex
591 13.5744270880241 13.2240528224502 4.9597534276545 ex
592 10.7702235367615 12.6211668315809 3.75392240285873 ex
593 15.8563220717479 12.3802135130391 1.12285579531454 ex
594 9.45379725843668 15.420996629633 3.17587368213572 ex
595 10.2455347396899 13.3805299967062 5.94729759613983 ex
596 14.8368082882371 10.5101909290534 0.657292292220518 ex
597 8.9788312704768 14.4243638014887 3.96391956694424 ex
598 10.0569738701452 11.0734318706673 0.385767118539661 ex
599 10.0328666272108 8.92422049655579 0.166067592334002 ex
600 13.0087074497715 15.9902322455309 4.79410328483209 ex
601 14.4108112493996 11.9941227016971 5.93140774848871 ex
602 10.5898790266365 9.77574146585539 4.00795911625028 ex
603 10.984611781314 12.1989099928178 6.13021696754731 ex
604 15.12445515953 8.56575130764395 3.35500076925382 ex
605 8.40280392020941 10.4815443577245 3.54179671732709 ex
606 13.5105185343418 10.2844999895897 7.72407949785702 ex
607 11.1469091111794 9.31272999104112 7.92637753835879 ex
608 12.5768122358713 9.38350473018363 3.34843917028047 ex
609 9.16165907564573 9.45198801602237 3.91687184525654 ex
610 15.8889487718698 15.8985506256577 2.21524655562826 ex
611 13.6648283109535 10.3156525155064 5.73025802732445 ex
612 10.1015957787167 12.243822341552 2.99974349839613 ex
613 13.2571388916112 14.1326214785222 5.59173586708494 ex
614 10.4402545201592 9.00280675315298 7.94629521947354 ex
615 12.8656022262294 14.1581526482478 5.42249498260207 ex
616 15.6025938491803 11.8883186059538 5.418527437374 ex
617 14.7289413865656 14.5768205677159 0.307290879543871 ex
618 12.2176866747905 8.27242975565605 7.65283823548816 ex
619 11.4581672507338 11.821389957564 4.85173022770323 ex
620 13.9114444081206 8.00419945456088 7.94715279643424 ex
621 13.3288933155127 9.56552275642753 4.93346465053037 ex
622 15.30281923851 15.9840234240983 0.699201549869031 ex
623 9.52199324429967 13.3600447191857 2.62772007356398 ex
624 11.8438128393609 10.3889875863679 6.15402616583742 ex
625 14.0027537941933 10.4461328436155 3.98508262191899 ex
626 9.84845760464668 11.8492409016471 0.902290946105495 ex
627 10.4146011460107 13.4451894811355 4.84104649443179 ex
628 13.597266144352 14.8661191868596 6.1865897718817 ex
629 11.1301398526412 12.187979224138 1.88203742937185 ex
630 10.5871478386689 14.8467443955597 4.14722915994935 ex
631 8.91723021981306 8.33120663859881 1.50032823137008 ex
632 12.5353355640545 15.9188138116151 7.51352321566083 ex
633 10.2257266258821 8.9065251389984 1.7011332672555 ex
634 11.3579782347661 9.86349663580768 0.87336969608441 ex
635 9.13760653580539 9.98826408875175 4.16860644356348 ex
636 9.59885187423788 14.7040165765211 7.81496916385368 ex
637 11.3928583934903 12.159869663883 6.17276602331549 ex
638 14.3012060706969 11.1788601453882 2.55132281384431 ex
639 10.852168463869 11.463652679231 6.9058714422863 ex
640 12.918253117241 10.9703558131587 7.22236594813876 ex
641 15.9043200768065 15.0538931922056 5.69206208712421 ex
642 14.6234438086394 8.55594421247952 1.62898083380423 ex
643 14.3055210909806 12.8038727100939 2.17259187623858 ex
644 11.7292882518377 12.0472529057879 5.39466354739852 ex
645 9.62440137984231 8.80017077387311 5.09469290263951 ex
646 14.7978206919506 11.9681575521827 1.77010975545272 ex
647 14.6533588720486 8.13090620888397 7.70496653113514 ex
648 14.9500976244453 13.4981402372941 5.80171008314937 ex
649 10.0831240741536 10.8700209774543 1.36866817390546 ex
650 8.80960130272433 11.8963904068805 6.65755373914726 ex
651 13.5869842625689 10.7791821989231 1.41055804258212 ex
652 15.7118221817072 15.2335818861611 4.78110783896409 ex
653 13.5149622545578 14.1907221053261 4.64422262227163 ex
654 8.28332689334638 13.140218523331 5.28390234732069 ex
655 15.5012143275235 12.562073161127 7.50812561740167 ex
656 12.8695895979181 11.0929336855188 0.178212211001664 ex
657 13.9404863088857 15.5242260813247 5.70168113405816 ex
658 15.9698610124178 10.0609222489875 2.89597216038965 ex
659 15.8529902175069 10.8423016574234 0.519864754052833 ex
660 8.26850017602555 11.0552566940896 1.01193273044191 ex
661 8.82831056462601 13.3712001049425 0.937815848039463 ex
662 10.0481384403538 15.611336119473 1.34096147539094 ex
663 12.0734415212646 13.9696562124882 4.69745683576912 ex
664 9.39671943290159 10.848709176993 4.05167156411335 ex
665 8.69599586143158 11.8930851884652 0.824138731462881 ex
666 8.10001666867174 13.8543494401965 6.22207829495892 ex
667 10.3327443602029 15.9552281438373 0.133792526787147 ex
668 13.4756096929777 15.0850657348055 6.94825330097228 ex
669 12.0089146583341 13.50070660864 5.46481759077869 ex
670 13.649121507071 11.4398075169884 5.58340387139469 ex
671 10.9470345617738 9.90306590730324 6.17713633668609 ex
672 12.584786440013 11.508586921962 7.10641213995405 ex
673 15.2451527102385 12.4858149299398 6.79458861215971 ex
674 8.51764154457487 11.7118581293616 4.53877027099952 ex
675 12.7622691427823 13.9109328549821 6.38386433245614 ex
676 9.57503277994692 11.5139767935034 1.79707391117699 ex
677 11.0111361679155 8.21327286912128 7.56146570690908 ex
678 11.0285012065433 9.57009760895744 5.64133507153019 ex
679 11.4233293591533 13.5657935657073 6.01778230885975 ex
680 10.6701901466586 13.6120280418545 2.31426522159018 ex
681 11.4064426533878 11.9883842088748 0.276400782400742 ex
682 12.0264880107716 10.5817877054214 5.24580674478784 ex
683 15.9888192403596 10.7244335208088 4.0423452318646 ex
684 11.7497323092539 8.14345415821299 4.7932900832966 ex
685 9.5715588259045 8.46620895643719 1.49674177030101 ex
686 9.18432766734622 12.7807079583872 4.71779624721967 ex
687 8.02377027529292 12.5261946176179 7.81345752603374 ex
688 13.3598601196427 14.0020477722865 2.37462245835923 ex
689 12.1240021029953 14.5151313210372 7.66090292995796 ex
690 14.9802620762493 9.50522739021108 4.50155432615429 ex
691 8.92120993556455 13.8036007815972 7.87142611062154 ex
692 15.6664636484347 11.0572813153267 7.25053685670719 ex
693 11.602337671211 9.4811859021429 4.18781428411603 ex
694 12.6027787425555 15.0582149429247 3.79655182827264 ex
695 9.49683107202873 15.8194791779388 2.38291302975267 ex
696 15.2419246481732 8.78508935403079 1.70770711428486 ex
697 8.51601781882346 12.5479907654226 3.25260825129226 ex
698 15.702006107429 11.575591445202 3.959390766453 ex
699 14.6776805846021 13.8522073633503 1.18306961166672 ex
700 9.71826377813704 15.2497522009071 6.80480974307284 ex
701 13.6325531159528 15.9728761932347 7.64161116932519 ex
702 14.9597911413293 14.6088522255886 4.38698034547269 ex
703 8.76100361626595 9.89926359173842 7.94363011349924 ex
704 11.5693432111293 11.6381597453728 3.66554996208288 ex
705 9.88597960956395 9.96672444767319 2.0585231508594 ex
706 15.891859103227 13.1969906291924 6.75750687276013 ex
707 11.2191935388837 12.2914441102184 0.40553224273026 ex
708 15.5165583551861 13.5664351182058 3.39843109785579 ex
709 14.6421225131489 8.19030743977055 0.503620472736657 ex
710 15.4257237568963 8.99147029267624 7.67203799868003 ex
711 10.3630677575711 9.84102682000957 3.1311729142908 ex
712 11.3214418259449 8.46080627781339 0.259314270224422 ex
713 9.35813471442088 13.0845596361905 1.6512523915153 ex
714 12.9603327207733 12.52010322758 3.57840188732371 ex
715 10.1930401157588 15.1894361877348 5.54481427255087 ex
716 13.5924845878035 8.73281837510876 6.73754079290666 ex
717 13.5708061303012 8.06711700512096 5.03071506787091 ex
718 15.7590753801633 13.0162667341065 4.25246043084189 ex
719 12.5631070819218 13.3102750959806 1.53925280761905 ex
720 11.7577293361537 15.7437514483463 1.66268848697655 ex
721 13.5695891194046 11.1013760066126 4.02287386660464 ex
722 13.8970120684244 10.2649247182999 3.35816708300263 ex
723 12.6723540867679 14.5141630386934 3.03922945517115 ex
724 12.2366748126224 9.47473217523657 5.40495738922618 ex
725 15.1401665180456 12.4663295818027 2.86159409070387 ex
726 11.8481286298484 12.489360733889 3.34329448547214 ex
727 10.6067349198274 10.6455065165646 5.33210151968524 ex
728 12.2836452750489 8.09109631855972 5.53300006710924 ex
729 14.2754279007204 11.1283974694088 4.26465317746624 ex
730 12.986346768681 12.6499356494751 4.22788322647102 ex
731 13.099831659114 15.0005505140871 2.63023999705911 ex
732 11.42991239205 15.479351090733 2.10830924613401 ex
733 9.58014760212973 14.646329630632 5.71746111172251 ex
734 13.1814216242637 10.7236075529363 2.5810331995599 ex
735 10.6136531322263 12.5634098632727 1.33575494843535 ex
736 9.43905687029473 10.9695058008656 3.73816796252504 ex
737 13.1723783216439 15.662136264611 1.91423546848819 ex
738 9.32487910473719 10.4165996809024 2.68993316753767 ex
739 12.5727939354256 8.50232115364634 6.64900765032507 ex
740 11.0463844095357 11.0765641969629 2.38169413735159 ex
741 12.3842836571857 11.4617548708338 4.93609481793828 ex
742 10.4298174122814 11.4892170981038 3.10374395479448 ex
743 9.9459175511729 11.4877095811535 4.98375877994113 ex
744 8.38702823710628 8.61177600547671 4.68559391237795 ex
745 8.45445055607706 8.44303596112877 7.70931506669149 ex
746 9.14341274299659 14.0068641649559 3.56901455717161 ex
747 9.80515471147373 10.5022351138759 7.08391729695722 ex
748 11.9402962962631 14.6020202545915 7.11179441050626 ex
749 9.00845052511431 8.52771902643144 2.55003772955388 ex
750 11.5130444457754 12.5751815459225 4.14341200771742 ex
751 15.5144827147014 12.2880445569754 4.78369974764064 ex
752 13.8341832726728 12.4394596763887 3.45963210146874 ex
753 14.4944057355169 10.3186836943496 1.6263537327759 ex
754 8.15382444811985 15.8514770749025 2.34447061247192 ex
755 8.26837175223045 12.7777176669333 4.15992296882905 ex
756 9.05470502516255 9.32927854475565 6.39174623973668 ex
757 15.6705076398794 11.9634863412939 6.89721384760924 ex
758 14.6928932263982 13.9880536645651 6.74903349112719 ex
759 8.82384986500256 15.3169024726376 0.627476120833308 ex
760 15.7457327831071 10.9684296585619 3.38842149171978 ex
761 15.9594085251447 9.59702168591321 7.49789195577614 ex
762 10.7770385651384 10.8304237984121 4.08123959600925 ex
763 14.0180367380381 13.0351759567857 4.98473231564276 ex
764 14.2720987817738 9.28534331358969 7.08731305971742 ex
765 12.9097698759288 14.2216460711788 1.78372359159403 ex
766 13.3319594904315 9.66751739243045 2.32126198569313 ex
767 8.95476740179583 9.22473644115962 3.8483152363915 ex
768 14.3978042292874 8.0310110154096 6.81925934436731 ex
769 15.0027302228846 14.6631706880871 2.66518490458839 ex
770 15.2566688284278 14.1328130681068 0.333726388635114 ex
771 15.4882501773536 12.6048991372809 3.75855341576971 ex
772 14.0278371800669 8.57169080269523 4.56191397388466 ex
773 12.9775608996861 12.8263419859577 2.82848535268568 ex
774 12.55971386889 9.94376355502754 1.61555497534573 ex
775 9.08667664742097 8.61881719599478 0.642894965829328 ex
776 10.7805944497231 13.6795739002991 7.49271166301332 ex
777 14.0890700139571 9.199303612113 6.61408649198711 ex
778 12.6475134487264 13.5500822965987 0.819983985973522 ex
779 14.3975289533846 9.90727839875035 0.465008154744282 ex
780 12.5224101534113 11.9600355925504 6.8187166240532 ex
781 14.5780702230986 15.713656270178 6.92715220130049 ex
782 12.5007800254971 12.3692391340155 5.02605806081556 ex
783 9.25398094439879 15.5076591037214 1.44043058878742 ex
784 10.6244823234156 8.75319231417961 2.19680233160034 ex
785 13.180480022449 8.24123732047155 1.55888881022111 ex
786 14.820331496885 15.8974640574306 4.65348517987877 ex
787 12.4013268614653 12.7819880326279 6.01193318609148 ex
788 9.75130255613476 12.1469536765944 1.65984559012577 ex
789 9.56333074346185 12.2973941219971 6.27271386631764 ex
790 13.453276326647 12.3218923732638 1.65631337766536 ex
791 13.133741897298 13.2272153324448 7.43324644491076 ex
792 13.1082304480951 12.847529457882 6.43068631202914 ex
793 13.5320325004868 10.9156833419111 6.57326811854728 ex
794 12.9036679039709 8.01676379470155 4.88541336171329 ex
795 10.4011785201728 9.08875596872531 0.593284965027124 ex
796 13.3073164646048 9.33891332545318 3.47265786165372 ex
797 8.63796889455989 10.7996876325924 4.89726241538301 ex
798 8.87341834418476 14.2191249569878 2.41545326565392 ex
799 13.5694409240969 12.1034644786268 7.23210859205574 ex
800 11.0675671331119 8.35434509650804 2.29278761101887 ex
801 11.8436838567723 15.1400561213959 0.583628129214048 ex
802 14.8107791424263 14.7902634958737 5.13013748498634 ex
803 10.5651437628549 13.9870253887493 1.21350763482042 ex
804 12.5472914949059 15.3095172930043 5.59631817997433 ex
805 9.42384040588513 11.9126323412638 2.5232484457083 ex
806 13.5184630332515 9.94919642922468 0.970481929369271 ex
807 9.46858656522818 14.2278814404272 4.65997022623196 ex
808 11.6588955819607 13.121763628209 1.411657869583 ex
809 13.3070757093374 13.2301417086273 1.52321501867846 ex
810 13.266381516587 10.5011576495599 0.641633584164083 ex
811 13.3942898742389 15.2790205401834 3.8866441778373 ex
812 8.92151773977093 9.40745327831246 6.87607755418867 ex
813 8.4673421587795 11.6702082215343 7.33168486342765 ex
814 13.0004502709489 15.1802823140752 0.772053037770092 ex
815 9.23612545663491 15.5582621581852 0.87645427393727 ex
816 10.6800004774705 14.463384673465 6.33619925403036 ex
817 14.3581881474238 14.6210319723468 7.96526835113764 ex
818 13.8394746584818 9.12032982427627 5.03130017290823 ex
819 13.5511917255353 13.3033189224079 2.52887944341637 ex
820 9.17595880175941 12.0720225533005 7.96441639377736 ex
821 12.2582098389976 15.8373383693397 6.24460746953264 ex
822 10.5919909831136 8.18057741993107 5.80919296760112 ex
823 9.32540381653234 13.0146343058441 3.4092582075391 ex
824 9.65005550906062 12.0782558554783 2.97514962870628 ex
825 9.80374742741697 13.7149234600365 0.530797422165051 ex
826 9.14238728792407 10.3606537089217 6.73877928033471 ex
827 11.9814029014669 13.3629168961197 0.85948719852604 ex
828 8.56849045259878 15.8682496377733 7.10450706328265 ex
829 13.8201271661092 11.521453546593 0.685535021824762 ex
830 12.9609318969306 9.79827714781277 4.36496883188374 ex
831 12.8309972970746 10.0561973978765 2.36181466514245 ex
832 11.4217974827625 13.7364479003008 2.33970695803873 ex
833 12.9168018547352 9.14377036108635 2.29678379441611 ex
834 15.5731952772476 8.65600007493049 2.5298693634104 ex
835 15.5650433825795 15.9332942687906 1.82824902632274 ex
836 12.9618771087844 14.8302302027587 0.384135016007349 ex
837 10.1426697559655 8.5970673293341 3.95759829436429 ex
838 9.87915152660571 9.65970842563547 7.43950427067466 ex
839 13.1525503289886 11.0735229174607 1.35102436109446 ex
840 10.5550040854141 15.2692200203892 2.335399935022 ex
841 13.9794629514217 12.5290607665665 5.27671224996448 ex
842 14.3157265554182 15.4766874781344 7.37091800151393 ex
843 9.14083025720902 9.65729106171057 1.80826103733853 ex
844 15.6765912252013 15.6571297419723 3.52494327630848 ex
845 13.1195894840639 13.862165218452 5.8047976794187 ex
846 12.2826697849669 8.40860623540357 0.9595027777832 ex
847 9.66321477224119 8.76186006469652 7.80305418884382 ex
848 15.6152147110552 14.4321856263559 6.16547164344229 ex
849 15.253643527627 10.5496864465531 1.86086149397306 ex
850 13.7863159873523 14.7615339977201 1.13243392435834 ex
851 12.0329268255737 8.56628890195861 2.09555533807725 ex
852 11.9025768451393 13.6207760213874 3.56066139508039 ex
853 14.2049337166827 11.6845911904238 3.94817956839688 ex
854 8.83318774006329 10.7606253812555 1.30765374028124 ex
855 15.7675413961988 13.3921312964521 2.30244629993103 ex
856 9.47916476521641 14.1462267865427 0.956312751863152 ex
857 8.41035748878494 15.3131481045857 1.01075725303963 ex
858 8.14467741642147 15.1936548941303 4.10267217829823 ex
859 10.1325739510357 14.2808080648538 0.659525434952229 ex
860 15.819313939428 14.6308067413047 1.19397821719758 ex
861 9.99852930661291 11.4602941528428 6.72696056170389 ex
862 8.86175943911076 12.7164975460619 2.63624770240858 ex
863 11.8100100248121 15.5021938572172 4.34902562713251 ex
864 10.6798272738233 10.3984471333679 2.006191363791 ex
865 8.52117016352713 9.12432181579061 4.4460141393356 ex
866 11.1234876476228 12.0298573067412 2.12024956103414 ex
867 8.976534179179 12.5498989787884 0.814120354829356 ex
868 12.6758691235445 14.0361806803849 6.41466228920035 ex
869 8.6686741814483 11.9589610209223 3.5938615668565 ex
870 10.3833413617685 12.9888724151533 7.35998433246277 ex
871 14.1944204275496 15.6711526738945 5.02836893335916 ex
872 11.6981685443316 10.6024686163291 2.41587379877456 ex
873 13.7672452335246 10.8961626705714 4.77813297696412 ex
874 14.3603741063271 8.83804981433786 2.63336544996127 ex
875 8.77824541064911 10.6083613650408 7.09457530314103 ex
876 8.24582633678801 14.9982528542168 1.25584664917551 ex
877 8.65293264412321 13.2412042219657 3.50376104004681 ex
878 8.80422036256641 10.3659689284395 2.14975864836015 ex
879 8.56921745091677 10.1436088250484 0.928349066292867 ex
880 13.9182454601396 12.0620913612656 0.0155658107250929 ex
881 12.2120546307415 11.5479490365833 1.11886984854937 ex
882 10.2856490425766 9.63762375921942 2.7247550599277 ex
883 14.2360457433388 15.6198965001386 3.99834100622684 ex
884 14.3751280372962 10.2292517323513 5.63128877617419 ex
885 10.5337281874381 11.6828248004895 1.88334829360247 ex
886 15.4351791297086 14.0096981965471 5.45710456953384 ex
887 8.87530286540277 15.0820677326992 5.55799154588021 ex
888 12.7065051656682 13.628663480049 3.29619995434768 ex
889 11.8270968860015 14.4260935592465 3.86677987291478 ex
890 11.1107433629222 10.0872537384275 3.71684193005785 ex
891 12.0936699749436 8.94241754384711 1.32111870567314 ex
892 15.4683342406061 11.7388002080843 0.567297576460987 ex
893 9.39332451415248 13.1622167429887 4.3441763962619 ex
894 15.4720837336499 15.2291045796592 6.05986028676853 ex
895 12.8440331385937 13.353028828511 7.43655586801469 ex
896 14.3686026800424 12.3881016110536 3.18777690897696 ex
897 10.9546721866354 14.8260896871798 5.33850576286204 ex
898 14.3688564358745 10.065142419422 7.77052947296761 ex
899 8.08869315101765 8.84970804513432 6.08092350279912 ex
900 15.0981183024123 8.05978349968791 5.08829871960916 ex
901 12.9624956261832 13.5113073238172 2.96605076338165 ex
902 8.87171616777778 13.0512203220278 4.92497873073444 ex
903 10.3722191860434 15.6824209992774 4.1095502525568 ex
904 13.162014035508 13.0675638529938 6.2618978836108 ex
905 11.3284192166757 14.2930287702475 1.55917498329654 ex
906 12.395475840196 10.9437630858738 6.14028788055293 ex
907 13.8077350442763 8.32998027373105 4.20132940006442 ex
908 14.8115764921531 12.3436627951451 5.85665749502368 ex
909 15.0178385276813 9.46659415354952 6.21532803797163 ex
910 13.694350207923 8.51852096663788 3.21475423360243 ex
911 12.3784582773224 10.1149169607088 3.45610854169354 ex
912 14.1520159654319 9.45998455560766 5.06143724429421 ex
913 8.70497746299952 10.3017626644578 5.17241083853878 ex
914 11.606728867162 13.6836925423704 7.93291787873022 ex
915 11.0041893760208 11.1431347983889 5.03157416870818 ex
916 14.6186262238771 12.9382100051735 0.614338546758518 ex
917 15.6145747506525 12.1284375102259 0.802711610915139 ex
918 8.22672415408306 14.7812291795854 4.7261542736087 ex
919 10.4483873310965 13.8555522195529 0.890743319876492 ex
920 11.4740055955481 10.044997560326 5.7960096753668 ex
921 10.6476423961576 11.7320903111249 4.24195871595293 ex
922 8.43556673103012 8.20850860187784 5.12537295767106 ex
923 14.0866034764331 10.7578377129976 6.38049164926633 ex
924 14.4784895502962 8.81036555836909 3.03208137396723 ex
925 11.4805573082995 9.99317588913254 2.51484741596505 ex
926 11.2845966871828 14.5718249764759 4.27091395226307 ex
927 8.8767978460528 14.9910967417527 0.472654008539394 ex
928 9.12340881791897 11.9848490932491 5.85375370993279 ex
929 14.7856112855952 9.7136306730099 1.12077997042798 ex
930 14.062412241241 11.9692717075814 0.184994896641001 ex
931 13.5355298656505 9.14831908186898 6.73355485429056 ex
932 11.4067671350203 15.6254842649214 6.40637925057672 ex
933 15.8471939836163 14.3761727919336 7.53888644580729 ex
934 9.5905557081569 14.1158354729414 1.92454552883282 ex
935 11.614294687286 14.3106733651366 5.67411502846517 ex
936 9.58322096522897 12.281931697391 3.15102375880815 ex
937 8.7197664885316 12.455770002678 6.63762602698989 ex
938 11.8574227867648 14.7317242049612 0.129683027742431 ex
939 10.996553552337 11.9174341475591 2.26871134270914 ex
940 10.2644194364548 10.4328092762735 0.429639072390273 ex
941 10.4127157717012 12.8494927834254 4.64181486517191 ex
942 10.0611514598131 8.42852831678465 4.35534652322531 ex
943 14.352032184368 14.9251593200024 2.77471117279492 ex
944 14.9980436265469 9.1541763949208 3.54789905832149 ex
945 9.4154538246803 15.4025619004387 4.34837383194827 ex
946 8.16194805316627 13.6826481032185 2.17438191478141 ex
947 15.1621495841537 9.30971573176794 4.28045187867247 ex
948 10.490072905086 14.2507903771475 2.16346196015365 ex
949 11.794525827514 8.73377988976426 3.90703200828284 ex
950 14.5331833467353 15.4437020767946 2.56247974350117 ex
951 8.44737852481194 9.18614595197141 5.45653831958771 ex
952 11.7951150855515 10.7656958263833 4.36184571497142 ex
953 14.9390882118605 11.0540648512542 7.62556893075816 ex
954 9.12018511560746 9.46563692670316 0.859559569275007 ex
955 8.07292829267681 14.2034924053587 5.96205535065383 ex
956 14.777517703129 14.4391510158312 1.98056016350165 ex
957 13.9905599511694 11.4390126068611 7.75214505335316 ex
958 9.60302249784581 8.748692213092 6.91969958064146 ex
959 14.9043525701854 14.9358736779541 3.9411732503213 ex
960 13.6055837022141 14.9375884355977 0.0838626816403121 ex
961 13.4847310318146 13.6427444310393 0.812646225793287 ex
962 11.9770917266142 14.9282843384426 6.51433377736248 ex
963 12.1711303070188 10.2423714722972 0.942317170556635 ex
964 11.6630431446247 8.50861358642578 5.01321428036317 ex
965 14.4010426658206 12.7007449700031 6.09467639192007 ex
966 9.07236092211679 12.9289573777933 5.76668374356814 ex
967 11.468619504245 9.66064606932923 3.340043165721 ex
968 12.0784558253363 8.7705535243731 3.07535756146535 ex
969 11.595144249266 15.4893114413135 7.40958335925825 ex
970 13.9055027654395 9.76557302032597 7.21311638201587 ex
971 10.3351215987932 15.268541629659 7.22007944853976 ex
972 10.933766724309 13.8194340441842 3.36330520641059 ex
973 10.3557943745982 13.4825562473852 6.90643865568563 ex
974 9.47345581417903 8.76075848122127 4.2325737986248 ex
975 11.869686242193 9.94656818942167 6.10039711394347 ex
976 8.65515926177613 11.0049903404433 5.11712984368205 ex
977 11.4887009479571 10.6887804241851 1.72231273492798 ex
978 15.9729726272635 9.5567288142629 0.868718438548967 ex
979 11.9672213727608 11.6997095225379 7.70737370825373 ex
980 10.9923255003523 15.6354522707406 3.21232279157266 ex
981 9.24812006158754 11.2263757041655 7.17243845830671 ex
982 9.44359094300307 10.0898780075368 5.95513689215295 ex
983 13.6308173649013 11.4366162153892 3.74272032221779 ex
984 15.9589582760818 9.00790561479516 2.63532682857476 ex
985 9.19274639477953 10.9709607865661 1.16940031992272 ex
986 14.7506408533081 13.8987239070702 7.9368341693189 ex
987 14.3739739069715 13.5782971372828 2.54256030614488 ex
988 12.7958129681647 14.304009888554 4.7483713531401 ex
989 12.3114205591846 12.5664109187201 1.26159795979038 ex
990 8.48376803356223 9.90321814804338 0.169667464215308 ex
991 8.65038416488096 8.75458411849104 2.16554394876584 ex
992 14.2590644503944 12.319092950318 7.41605286602862 ex
993 12.8686193292961 9.35744724515826 6.0716130041983 ex
994 9.26215822179802 14.6192198195495 2.71639942144975 ex
995 9.35879054898396 15.8021805398166 7.00737618189305 ex
996 13.0772196426988 14.0575883216225 7.03682905249298 ex
997 14.3202274958603 12.8092096634209 4.46717676823027 ex
998 11.3495281583164 10.8888971346896 7.11329429945908 ex
999 12.5337197610643 9.34917231323197 0.73151491349563 ex
1000 11.5629426636733 9.16065736417659 1.36843373207375 ex

