# 1000 of 4000
# Minimum x: 0
# Minimum y: 0
# Minimum z: 0
# Maximum x: 16
# Maximum y: 16
# Maximum z: 16
# <local id> <pos x> <pos y> <pos z> <type>
# Number of local subdomains: 2
# Local subdomain 0 boundaries (-0, 8, 8) - (8, 16, 16)
# Local subdomain 1 boundaries (8, 8, 8) - (16, 16, 16)
1 2.59223804879002 10.9058420227375 8.87032161210664 ex
2 4.70418017404154 13.8171641607769 12.2927424737718 ex
3 3.44404397672042 8.97273059911095 11.4434847617522 ex
4 1.82060135807842 10.771970770089 15.3324232001323 ex
5 5.62186275562271 8.71296461066231 13.461378101958 ex
6 4.66734576690942 15.9298517743591 15.019520570524 ex
7 1.10169033030979 12.7564795678481 8.69910763273947 ex
8 7.31583004421555 15.7335783133749 8.41145423264243 ex
9 0.351179512217641 15.1785480477847 8.92586058634333 ex
10 5.37976359995082 9.9009769288823 12.710205974523 ex
11 3.79920719261281 11.3116372770164 8.43019611178897 ex
12 3.26839995780028 12.8386987517588 9.96352111711167 ex
13 6.58182641211897 8.36569322133437 13.7474376575556 ex
14 6.5603616470471 12.348640574608 13.8566126741935 ex
15 2.02612164593302 8.37646072730422 14.6640624359716 ex
16 0.946356653701514 12.1167947596405 15.5518152965233 ex
17 1.9335788267199 15.6299213215243 11.8820023783483 ex
18 2.57148969569243 13.7241664025933 8.41247220593505 ex
19 7.81763182790019 11.7116372659802 12.1349163805135 ex
20 1.61156476498581 14.6273277199361 14.6764029392507 ex
21 7.33973897946998 11.0902065967675 11.7649102022406 ex
22 0.131617637118325 14.0190164521337 8.07684677257203 ex
23 4.77496024779975 14.6214796053246 12.8643063402269 ex
24 4.7543094905559 13.540370087605 9.92570638400503 ex
25 7.31644814298488 9.74140703422017 13.4693996014539 ex
26 4.64724392676726 14.6987851632293 8.31431470648386 ex
27 4.69371688435785 11.3816810692661 9.87954141851515 ex
28 0.348175695631653 10.8613411791157 9.90754219237715 ex
29 4.63413471519016 14.6712020609993 10.755651227897 ex
30 2.46898264228366 13.9078526711091 11.8568576714024 ex
31 7.51470777019858 15.8275870867074 13.3633506696206 ex
32 2.8466787096113 11.837374557741 10.4956610202789 ex
33 7.3237965691369 12.1677882296499 15.7129969736561 ex
34 3.01166665833443 12.7927281998564 8.8124209404923 ex
35 0.464261069661006 9.0706706487108 11.4125582647976 ex
36 5.71431021601893 13.4817132581957 8.57395380316302 ex
37 3.75970460334793 9.87583376513794 13.7739444607869 ex
38 3.89276475156657 12.6369650296401 11.8867855998687 ex
39 4.26075310097076 10.2823205681052 13.9307955980767 ex
40 1.8338478859514 11.307946322253 9.07609310816042 ex
41 6.10479860752821 8.38079802785069 15.9058223823085 ex
42 7.14757078047842 14.0395444100723 12.5067576169968 ex
43 7.40681019355543 12.567923201248 11.1860776487738 ex
44 2.88767325785011 8.05814165226184 12.9770162426867 ex
45 7.27467549755238 15.9476140900515 15.5574500521179 ex
46 5.36698495480232 11.5518694012426 14.2481102589518 ex
47 4.34725778293796 11.937186957337 15.4136940271128 ex
48 1.16749591287225 9.90104959974997 13.7957053505816 ex
49 6.51752338185906 12.8875748121645 12.1727816089988 ex
50 2.8639231743291 8.91627349867485 9.88215818884782 ex
51 7.43363803299144 8.99597191857174 11.4295437247492 ex
52 5.17504473472945 13.3576423716731 13.5799936535768 ex
53 5.83174192742445 10.9223400580231 13.2856700133998 ex
54 4.48574590170756 14.8057150966488 9.54214820172638 ex
55 3.85703622014262 10.7069398167077 8.09958852548152 ex
56 6.32936702342704 9.04883719235659 15.2428125382867 ex
57 3.7788835640531 11.9740879733581 9.37008154252544 ex
58 5.56510479818098 15.2068555287551 12.2612913711928 ex
59 3.35985038848594 8.30527392495424 10.1742261147592 ex
60 2.33812822494656 13.9453240020666 15.2628629100509 ex
61 6.40440219314769 8.94676599907689 9.28904702793807 ex
62 3.41051949909888 14.2227678110357 13.9544398556463 ex
63 0.824294551741332 9.10810283059254 8.82487740693614 ex
64 3.14215978560969 8.67838757112622 14.3300933267456 ex
65 4.35467126546428 8.19507913431153 10.2372190088499 ex
66 2.38125027995557 8.26844908972271 11.8466072215233 ex
67 6.78644026257098 10.0167157081887 14.3444653528277 ex
68 0.501473403768614 8.56316506350413 14.360077415593 ex
69 1.86960013885982 12.7785424913745 13.6862400525715 ex
70 6.55483512324281 14.3814902585 9.2735636997968 ex
71 1.45410761400126 12.9318639833946 10.4142720347736 ex
72 2.44375202571973 14.9931004405953 10.6827698785346 ex
73 2.04516528057866 9.93169621587731 14.7598308965098 ex
74 5.96765077114105 8.92359045590274 10.4036600191612 ex
75 0.367657017195597 13.4841569834389 9.66414076485671 ex
76 0.253167332382873 11.1506436876953 12.7527366688009 ex
77 7.55498682940379 12.2028200607747 12.478506519692 ex
78 5.4312287394423 15.717945930548 10.5790719927754 ex
79 1.422581827268 9.07714578928426 14.427317959955 ex
80 1.73624250828288 14.5767899747007 12.1303092318121 ex
81 0.801034832373261 10.9075925776269 13.2201369258109 ex
82 4.6455178221222 12.1935637169518 14.8618095717393 ex
83 3.17524136370048 13.6828625123017 9.102980786236 ex
84 1.24754056148231 11.9586457947735 8.86434158263728 ex
85 5.20197702315636 13.6269155251794 15.0711432516109 ex
86 6.46538402908482 8.50183337670751 11.8248798737768 ex
87 0.00949095049872994 11.1795940485317 11.0164854356553 ex
88 0.624314581044018 9.32403804757632 10.5827578597236 ex
89 2.47306780377403 11.0806489817332 8.72760246903636 ex
90 5.86375312739983 14.9778775668237 14.575120577123 ex
91 7.38606536085717 9.5859579173848 14.7457941314206 ex
92 4.59732750803232 10.6453879615292 8.55581021285616 ex
93 4.25319490535185 9.16544929263182 12.3519569085911 ex
94 6.12027099006809 9.7836947995238 8.54167252732441 ex
95 0.340099786641076 10.6407493883744 10.5387241002172 ex
96 4.61393102933653 10.4498183070682 9.67946450179443 ex
97 3.28353026672266 12.9428419291507 10.8673395956866 ex
98 5.3479602613952 8.53666396159679 9.27986108791083 ex
99 7.04318876354955 11.9484450255986 15.6268588684034 ex
100 3.70483315805905 14.0007660500705 11.3789991771337 ex
101 5.14426228147931 8.20459120091982 12.3884367288556 ex
102 3.75268253870308 11.040956474375 13.1262018408161 ex
103 4.36547467601486 12.0599638978019 11.8365820487961 ex
104 6.3000032431446 14.9689211859368 11.7838538694195 ex
105 3.7858603366185 8.78633665386587 15.9326074921992 ex
106 2.6509063236881 9.69742374261841 11.4945486565121 ex
107 7.8777086220216 13.0664957521949 15.0878075207584 ex
108 2.04539585392922 12.0247970633209 8.50235243653879 ex
109 1.18531246180646 10.4688443888444 14.4693120296579 ex
110 1.536935120821 10.9199062464759 8.62471375497989 ex
111 7.44476809236221 9.33510679239407 15.3301161355339 ex
112 0.408707353053614 8.95769299077801 8.25996315060183 ex
113 6.75640713283792 10.5909582725726 15.3734065608587 ex
114 4.93965577450581 15.2195171525236 10.9884747674223 ex
115 6.84572552354075 15.1043170043267 8.05346648674458 ex
116 4.3154304085765 10.2040430090856 14.8076837926637 ex
117 7.78595505980775 10.1867607354652 9.71312476764433 ex
118 2.04161380371079 14.3415921169799 9.84419956058264 ex
119 5.85853007761762 9.20673528406769 9.25186389987357 ex
120 7.21152418968268 14.6198370764032 8.18033472425304 ex
121 7.90958872414194 11.3419879293069 14.4987181874458 ex
122 3.18987951194867 12.3952866389882 14.7194237019867 ex
123 1.47680639731698 9.15702228038572 12.8805858341511 ex
124 5.40266459714621 13.0946684873197 11.5590535919182 ex
125 5.6124392603524 15.564428934129 9.8313358691521 ex
126 2.29455101210624 8.1129281304311 10.2160558335017 ex
127 3.22084523737431 15.0340223989915 8.5940053453669 ex
128 6.79056980810128 14.5845271258149 14.2071138801984 ex
129 5.08167597767897 11.943009391427 8.31799066788517 ex
130 3.75748476013541 15.0912159834988 9.73949349066243 ex
131 3.41357651678845 11.7263782676309 14.0937340590172 ex
132 2.50034935260192 15.1612256688531 14.4155040772166 ex
133 1.54479816369712 13.5446380665526 11.8656154219061 ex
134 2.54228998580948 12.1084078985732 10.0787252173759 ex
135 4.20036619878374 13.5759911034256 13.51548651536 ex
136 5.70281019667163 12.1556981496979 9.54916813550517 ex
137 0.480726297944784 8.57830140599981 12.4053208467085 ex
138 5.45485438616015 10.9604427176528 9.16092460881919 ex
139 4.25146061205305 11.3467599530704 8.84194308705628 ex
140 1.66761363530532 10.3366092769429 10.3292002875824 ex
141 1.74074240401387 10.8261460470967 11.1030203150585 ex
142 6.24311512708664 14.9180279804859 12.8302473642398 ex
143 4.73210996505804 12.0139679566491 10.4420676447917 ex
144 4.08956470596604 8.26527263387106 11.6889479281381 ex
145 5.36284063314088 13.3492261522915 12.6231115621049 ex
146 7.22795691411011 13.231027785223 14.2846348865423 ex
147 6.2564535876736 11.1073754965328 13.0166158932261 ex
148 2.08465208904818 14.8731194974389 13.4089817572385 ex
149 1.80442884308286 8.0017654618714 14.4743433699477 ex
150 6.60882397787645 15.9871203296352 10.3342082535382 ex
151 3.33763630129397 13.0781034722459 13.0981952606235 ex
152 0.605480709578842 13.6666161960457 12.6731961781625 ex
153 6.86379292770289 8.1696656269487 12.1813276680186 ex
154 3.47166891931556 13.7268862491474 10.4074371850584 ex
155 7.56087979953736 13.3086714081001 12.8472623669077 ex
156 5.04780116863549 14.7531218742952 11.6504173655994 ex
157 4.50779334385879 9.44521664851345 15.054229486268 ex
158 2.90225951792672 15.8257857537828 10.2923424008768 ex
159 6.24245699238963 12.2898253204767 10.8331384151243 ex
160 0.340880207950249 11.6696003265679 15.7441451635677 ex
161 0.12317652348429 8.971593916649 15.5833170732949 ex
162 2.37251033145003 9.67939091962762 13.7921746156644 ex
163 7.99936287291348 9.70460194861516 11.5421239316929 ex
164 2.72052074340172 10.9580039763823 9.59524195082486 ex
165 5.6787102362141 13.8951167061459 14.5830126020592 ex
166 5.95464832987636 15.9788883826695 14.7491955913138 ex
167 6.7081347682979 13.4935525546316 8.24007931584492 ex
168 3.53168629016727 12.7215425667819 12.3584366710857 ex
169 7.88846099306829 10.7177740072366 11.5046061880421 ex
170 4.77773815556429 11.0617625000887 13.7260048927274 ex
171 1.8939890365582 14.7518682330847 13.5998631808907 ex
172 6.04178144433536 14.819964989787 8.53083809185773 ex
173 4.08734881295823 14.8495691665448 11.1801213428844 ex
174 1.58488596440293 11.3901377699804 14.8498567617498 ex
175 4.14420404937118 13.4968644194305 10.3400169012602 ex
176 4.91399206011556 10.5114312581718 10.8950152490288 ex
177 4.50238243606873 9.38511288329028 14.113128391793 ex
178 7.49411074072123 14.4088656001259 11.4354204291012 ex
179 4.85521175316535 8.33482281607576 9.49299842817709 ex
180 0.791888209292665 15.0812054164708 14.9267840569373 ex
181 2.41049666097388 15.1777807467151 11.166712846607 ex
182 1.49554233229719 10.7274627648294 12.9089451483451 ex
183 7.47622400149703 15.7111986081582 10.2687132889405 ex
184 0.990735316649079 9.42599002970383 9.01182554638945 ex
185 0.463167948182672 10.6524064401165 8.60121794929728 ex
186 5.66089134570211 15.7854010413866 13.4921327549964 ex
187 1.57439998257905 13.5370194776915 15.099055029219 ex
188 2.90253087948076 10.3547063688748 10.3515662688296 ex
189 6.57096912618726 9.94804210960865 13.5871960604563 ex
190 3.9126025554724 10.5582346762531 11.1023625507951 ex
191 0.102584029082209 14.8679896236863 14.7284521709662 ex
192 6.75341256801039 13.4773137392476 12.9250819166191 ex
193 4.2739174682647 15.6199299001601 8.34900025348179 ex
194 7.28463898133487 9.58517755940557 8.61950419144705 ex
195 0.868716570083052 12.5558002605103 8.82847537146881 ex
196 0.55250697536394 12.8818550913129 9.18057563551702 ex
197 2.6732360641472 11.0746907843277 12.4934790371917 ex
198 1.29205373232253 12.1388399698772 15.2024679824244 ex
199 0.306415191385895 10.2910971431993 15.6487846046221 ex
200 1.45166246732697 15.8314909832552 8.02646102849394 ex
201 1.90669345692731 15.4906995468773 15.9003535266966 ex
202 1.07936766394414 12.1062247406226 12.3753592765424 ex
203 6.55870402930304 13.1813885110896 9.34381097089499 ex
204 4.61992632644251 11.2996173598804 11.6027059115004 ex
205 2.97176342620514 11.9164923215285 9.13674964476377 ex
206 3.97951268963516 12.1738909750711 13.5387209735345 ex
207 7.00646420009434 13.8149449580815 13.2375758355483 ex
208 7.10024489811622 15.280667417217 11.6449783772696 ex
209 7.34922930039465 11.0398667317349 9.97118005529046 ex
210 3.05876433802769 9.45926502975635 10.9042998782825 ex
211 2.06840816745535 14.2823749820236 11.8609011631925 ex
212 2.19386991788633 15.2647013354581 9.13015508023091 ex
213 3.03931878111325 11.9483970359433 11.1099406492431 ex
214 1.57658989704214 8.07311500422657 9.67108619119972 ex
215 0.0798992339987308 15.2981771398336 9.27416307828389 ex
216 1.90285787684843 12.0674445745535 9.970122061437 ex
217 2.10912903607823 14.855605821358 14.5509379119612 ex
218 3.32529218192212 15.881618731888 15.5829307797831 ex
219 5.06437693955377 12.4954097506125 13.9809563010931 ex
220 6.80430453200825 10.3634238259401 13.9751232024282 ex
221 4.38939348096028 9.77755935839377 11.2263662880287 ex
222 2.20488209440373 12.5100388035644 11.6502423961647 ex
223 1.82821439253166 8.26359840692021 12.0030607164372 ex
224 4.88604044774547 14.4891420595814 15.6458671586588 ex
225 2.73326395824552 14.1899448696058 12.0685634738766 ex
226 7.32875649118796 15.4145785407163 12.7476471469272 ex
227 2.63562074839137 10.9117109756917 11.7487690169364 ex
228 6.89712689374574 10.4273724129889 8.85323253739625 ex
229 1.46906767133623 13.4642269737087 9.88565425062552 ex
230 1.74107663310133 12.3360448749736 14.2644340237603 ex
231 2.93457460822538 13.9620057120919 14.6150337215513 ex
232 0.217193652875721 15.570652671624 15.5523411030881 ex
233 2.19676195341162 15.8502405323088 13.1086191211361 ex
234 6.55254783690907 9.62867793650366 11.4728241041303 ex
235 4.06932620960288 15.8444300137926 9.41462382324971 ex
236 5.11829559714533 9.4594464362599 13.0660180428531 ex
237 2.69687087810598 10.2817234308459 12.0580763595644 ex
238 3.94944539084099 13.6274155832361 15.5419866037555 ex
239 2.99129995238036 11.5980312703177 13.0563253127038 ex
240 3.22005303716287 13.1994862856809 8.71487566712312 ex
241 7.34039465384558 8.66648007230833 8.30783708556555 ex
242 5.60465161548927 14.8986951890402 9.73521358799189 ex
243 6.0715795471333 9.49083149479702 14.6235432710964 ex
244 7.6378574881237 11.0587293012068 10.2029245807789 ex
245 0.0317436195909977 11.7345951341558 13.7122159183491 ex
246 6.22297353553586 10.7151209232397 10.3286679855082 ex
247 5.60385378450155 10.358424533857 10.6719532215502 ex
248 7.81817993149161 13.0233992179856 10.0083506447263 ex
249 6.18769377353601 11.1358541129157 10.6677826300729 ex
250 2.82879181858152 10.9419183516875 13.6650421407539 ex
251 3.46901317127049 9.18912319256924 11.7932058335282 ex
252 5.83744991011918 12.3934276879299 8.70042693638243 ex
253 7.65466760005802 10.3807786693797 15.8722608385142 ex
254 1.03817310114391 15.0742249952164 13.9008314695675 ex
255 7.11581795243546 13.9761379121337 9.27510381652974 ex
256 4.0883106274996 11.8821527101099 12.970143255312 ex
257 7.50480984873138 12.0367632335983 9.47320788865909 ex
258 3.22936178627424 14.2442142565269 10.2931096013635 ex
259 5.37422962742858 10.2068208141718 12.5271129470784 ex
260 2.93540863506496 12.7171563773882 12.1484567658044 ex
261 0.65946012781933 13.9449029886164 8.95123614510521 ex
262 0.919022285379469 9.4178126687184 15.0473444967065 ex
263 5.82543387194164 13.0043453860562 9.0675954669714 ex
264 3.52032318152487 14.8656147797592 12.4605613439344 ex
265 3.51718207914382 13.4970042156056 14.9564619550947 ex
266 7.51952337194234 8.35819756938145 9.16358063183725 ex
267 6.51807952206582 11.1598795077298 12.8215520353988 ex
268 4.31676405691542 15.6515662756283 14.5515497350134 ex
269 4.55486001982354 9.56186911463737 8.43222014396451 ex
270 7.36406018235721 14.362354158191 15.4418463339098 ex
271 7.46950427466072 13.664799666265 8.48308586189523 ex
272 7.39965317724273 8.35181359527633 15.9813853576779 ex
273 1.99669563537464 10.9507472780533 13.9976948767435 ex
274 4.31671450962313 15.4836984016001 11.2062692667823 ex
275 7.73324816976674 8.35300102760084 10.3694340605289 ex
276 0.58116068947129 9.14699852350168 14.5651278588921 ex
277 0.537583017256111 8.17074756789953 10.6881553651765 ex
278 6.48317287908867 8.70661075250246 8.15747323259711 ex
279 6.77342517022043 10.1554353316315 12.9334122692235 ex
280 0.205181294120848 11.1606771694496 10.8036323254928 ex
281 0.482005483936518 10.8270831354894 11.8129609040916 ex
282 1.82547943480313 13.0877591252793 12.0858492732514 ex
283 4.11938694329001 12.6089637933765 15.9558832854964 ex
284 1.18422446330078 9.82094484753907 8.64090322214179 ex
285 6.60569968889467 12.2729101087898 14.4109297036193 ex
286 2.1024339038413 15.2193170185201 12.2264031039085 ex
287 0.514233312802389 15.3246248150244 11.4732399787754 ex
288 0.899204823421314 12.7910914798267 12.7349269979168 ex
289 7.83267067465931 14.0854406841099 14.7556797924917 ex
290 1.34172291285358 8.25484598986804 8.69986376957968 ex
291 4.79491348355077 13.9565745843574 14.9350255182944 ex
292 6.5165875852108 13.9107009524014 14.7938156861346 ex
293 1.93753514974378 8.72967903036624 15.505487393355 ex
294 2.83767705620266 8.7499539363198 13.7733224730473 ex
295 3.94870539056137 15.7119120107964 13.0315057842527 ex
296 1.31200686399825 8.14561265404336 13.1493034865707 ex
297 5.90077750524506 14.8743789924774 10.5233298861422 ex
298 1.34789586532861 14.2239042294677 8.67471096082591 ex
299 0.200726265320554 9.98572186450474 12.2392989292275 ex
300 6.35348033066839 12.9424205215182 15.651244686218 ex
301 4.57404464809224 9.10082825622521 13.5595681702252 ex
302 1.8243834420573 9.27015139837749 11.6700974092819 ex
303 2.75821824837476 13.6760802171193 10.3489621281624 ex
304 3.74482942512259 14.0405316192191 15.6627450778615 ex
305 7.68890933296643 11.8536968063563 8.04237072099932 ex
306 2.953324213624 12.4698587059975 9.28271723538637 ex
307 5.46493477700278 11.3176437946968 10.2816732320935 ex
308 7.11527251289226 15.9167730447371 9.3218847613316 ex
309 0.186374200740829 14.7523192295339 9.22414447111078 ex
310 5.18460952769965 14.1493799332529 13.4127146727405 ex
311 3.93874449329451 8.23597718402743 9.67662211228162 ex
312 7.55888299527578 14.2450787373818 9.96722196834162 ex
313 5.83909371239133 10.0067490518559 15.3003676380031 ex
314 7.1691024908796 13.4974946475122 11.3903550284449 ex
315 4.97113151871599 10.0819720786531 15.1540977456607 ex
316 3.40426779002883 11.8841332716402 15.0112191687804 ex
317 6.31921234237961 9.68825856223702 12.1440852989908 ex
318 5.94647044339217 11.4287464844529 15.1705042079557 ex
319 3.29452506033704 14.976661713561 14.9040900329128 ex
320 3.49809090583585 15.6173421347048 10.9557221909054 ex
321 5.25258759921417 15.212775377091 11.6452808531467 ex
322 1.83750603883527 11.4146041250788 13.6169252418913 ex
323 6.63081639027223 15.228979448555 11.0764463441446 ex
324 0.973719391273335 8.56135114259087 9.77519507240504 ex
325 0.729377788258716 10.6738869715482 12.5438013460953 ex
326 3.1422350120265 15.8968570774887 12.446529308334 ex
327 4.94065116904676 12.8200521718245 12.7610324253328 ex
328 0.707273735897616 11.8838001939002 9.57173232198693 ex
329 3.37100216816179 10.4059772070032 15.2189660647418 ex
330 6.89806727715768 14.3612527539954 13.5627703124192 ex
331 6.9774386852514 14.5351409148425 10.0000517393928 ex
332 7.40692567545921 15.1479458860122 14.3724865464028 ex
333 3.00989495660178 11.0961610812228 12.6318041195627 ex
334 3.90207763086073 13.0586351905949 12.3839864030015 ex
335 4.87026357278228 9.45676909340546 9.09986387053505 ex
336 2.88980558421463 9.72798747639172 9.81831352389418 ex
337 2.08238996448927 11.1731131284032 15.3000477426685 ex
338 5.63589018024504 13.0102811951656 10.3530191581231 ex
339 5.55376492231153 15.2465649051592 8.78622695314698 ex
340 1.8138326627668 8.56939369393513 10.1595935225487 ex
341 6.31805219361559 11.9700578276534 11.797967626946 ex
342 4.4481118961703 15.6564941019751 12.2226801204961 ex
343 3.7145607159473 15.34790653456 11.3136431029998 ex
344 6.14823546609841 13.4792960619088 15.570982827805 ex
345 6.09871598519385 15.3964639310725 13.1976786907762 ex
346 0.311075847363099 13.3583074104972 15.1444383021444 ex
347 0.912859244504943 15.2329205507413 10.6921378518455 ex
348 7.91712794126943 8.44342560600489 13.2222288909834 ex
349 2.39372048713267 13.1895310303662 9.78252353775315 ex
350 1.44122669962235 10.9052942688577 9.9740203730762 ex
351 4.96154206409119 13.2825381893199 11.487005567411 ex
352 0.0948915255721658 9.94907719781622 13.876000470249 ex
353 0.835150282131508 12.9368248339742 13.20769592328 ex
354 6.63920059846714 15.3221420119517 14.4065977924038 ex
355 6.75904372893274 9.69224529061466 10.0387486356776 ex
356 3.34068215521984 10.6678429963067 14.8762254016474 ex
357 5.2718632298056 12.3215035272297 12.6648258776404 ex
358 4.00285117840394 11.6484649060294 10.8468692782335 ex
359 7.97724152822047 12.47752263234 8.05978241516277 ex
360 0.691078251227736 15.5165644201916 13.2394304564223 ex
361 3.28469768655486 10.4292938495055 12.3552702192683 ex
362 3.766509962501 15.9749638144858 14.6828892373014 ex
363 4.07751885172911 14.5526392916217 13.0992040249985 ex
364 6.7696268549189 9.65834478242323 9.14678152324632 ex
365 1.77119189198129 12.8840975316707 11.4493486871943 ex
366 7.36913649714552 10.774165435927 10.5253243069164 ex
367 6.90414743265137 11.3157765152864 14.2292404000182 ex
368 6.04441125993617 15.9698332187254 9.72908514668234 ex
369 2.18875660095364 13.2418359448202 13.5539715175983 ex
370 4.0952433901839 10.125877861632 11.4750988639425 ex
371 1.37465287349187 15.7214111983776 14.6933341883123 ex
372 7.77760695363395 10.2345582388807 12.5572640679311 ex
373 6.57641846803017 10.1408768121619 9.17390944901854 ex
374 2.71889665373601 8.71679637744091 8.4648121362552 ex
375 1.2447532240767 13.6081410206389 13.6337818989996 ex
376 4.19238852127455 9.92895131395198 10.0774816027842 ex
377 0.841598346596584 11.765818845015 14.7852171044797 ex
378 5.03100350382738 10.3782975166105 14.6929269740358 ex
379 2.55209451192059 14.346508405637 8.42323426273651 ex
380 0.0537043767981231 14.1050687951501 10.2477473828476 ex
381 5.88534332066774 12.3965863881167 14.3774122181349 ex
382 5.03688147151843 9.13629472441971 8.14474706491455 ex
383 5.85523599782027 15.0824184543453 15.1227144184522 ex
384 7.77348099765368 14.9629868969787 10.523802211741 ex
385 1.95749989245087 13.9391072285362 14.377455073176 ex
386 7.72745876270346 8.93734815879725 14.183698640205 ex
387 1.54165644315071 11.9408608037047 15.2854787355755 ex
388 1.50222581997514 15.4465083386749 9.39493487589061 ex
389 2.25327838025987 12.0640211093705 13.4514138067607 ex
390 4.62383664678782 13.794184736209 15.9246371255722 ex
391 6.86026057088748 8.95291956537403 14.6017422445584 ex
392 5.87837277422659 8.5556119766552 14.2743339242879 ex
393 4.07112807640806 8.28126898990013 12.5565193956718 ex
394 2.42075473861769 10.7449187845923 14.3518837376032 ex
395 7.91629273607396 12.7864683216903 14.3849047189578 ex
396 5.8625242896378 14.8724929117598 12.094774329802 ex
397 0.139196512755007 10.7622365849093 14.2908798062708 ex
398 3.07741729938425 8.54674964258447 12.4826716519892 ex
399 1.72369360178709 9.98125310381874 10.6517031788826 ex
400 7.62354181846604 10.3682986423373 14.3668479567859 ex
401 2.16070615407079 13.8247117891442 12.8980857674032 ex
402 7.84642034512945 10.8456207921263 8.29944664426148 ex
403 2.73953987821005 9.4205156613607 12.1498246714473 ex
404 2.26644246303476 15.05945947906 15.6034073266201 ex
405 0.723217048915103 13.880525564542 14.5763340713456 ex
406 2.57428805693053 12.5280666877516 14.5322716119699 ex
407 3.89994735014625 8.94645662116818 8.65296494471841 ex
408 6.68906316161156 13.5196973253042 10.986029884778 ex
409 0.626092944759876 14.1968983605038 11.7999156850856 ex
410 1.05967599363066 14.6104987144936 10.8680205161218 ex
411 3.34559692698531 9.46512576472014 12.5345344145317 ex
412 5.43530795769766 9.89770145597868 15.9455594460014 ex
413 4.01698448206298 14.3084992796648 14.4988308590837 ex
414 1.74084044923075 13.4610940578859 8.84460355783813 ex
415 2.85043754056096 11.8323479543906 11.9146340396255 ex
416 5.29903888283297 9.27603645250201 11.7824109073263 ex
417 0.747679672436789 14.6342873512767 12.5201723955106 ex
418 2.04172346089035 9.02032561553642 8.32542757084593 ex
419 6.86257028114051 12.6182511735242 11.5163147342391 ex
420 3.09456034796312 9.44380887062289 14.9302865799982 ex
421 5.1106431146618 12.1035282369703 15.1869396038819 ex
422 5.96473912918009 11.6067898990586 12.8188993579242 ex
423 3.20128604839556 9.75248772255145 9.15870391810313 ex
424 4.61687502614222 11.6636848892085 14.5661845167633 ex
425 1.64615064975806 15.7002276859712 12.0981852356344 ex
426 0.263978758361191 14.4896426857449 13.3346446682699 ex
427 4.66025236574933 8.45216184877791 13.8093410476577 ex
428 6.65407530334778 11.4846586133353 15.2697148704901 ex
429 3.63455486274324 14.9935331759043 8.62443190999329 ex
430 4.44603428523988 12.3487423954066 9.58837266336195 ex
431 4.73980985837989 15.3161934916861 13.4342289832421 ex
432 6.359859948745 11.3980126641691 8.27456547366455 ex
433 6.47982637048699 10.302466194611 11.4925806464162 ex
434 5.59742308408022 12.472114427248 11.870901172515 ex
435 5.24448167602532 9.50915931398049 14.5815205997787 ex
436 5.55994114326313 14.5712428330444 15.4235535522457 ex
437 7.44640638236888 9.4263756130822 9.89886557054706 ex
438 0.463567688828334 13.114091749303 10.8361853710376 ex
439 7.57170320232399 12.4952534202021 10.7639597079251 ex
440 4.44505057414062 12.1398236954119 8.7671077453997 ex
441 0.274553429801017 12.8869437123649 10.9547586366534 ex
442 3.51925163669512 9.31109379604459 8.66031849640422 ex
443 7.59768886328675 10.121806524694 13.0178742171265 ex
444 1.51787381782196 9.02177218301222 9.69149399059825 ex
445 1.51272996654734 14.1402112543583 15.8396054694895 ex
446 2.05957585340366 15.6346893038135 8.31535762455314 ex
447 1.71834631962702 11.5117828291841 10.0075396457687 ex
448 4.09048741287552 8.19275191682391 8.59106966108084 ex
449 5.31047649029642 10.3977443580516 11.5132971915882 ex
450 7.05550408735871 9.96991797536612 10.501217366429 ex
451 5.76829248433933 11.6542256732937 13.7843141946942 ex
452 5.45943039353006 14.8566745975986 8.96601468231529 ex
453 6.53452369733714 13.8561026805546 13.3793484531343 ex
454 0.739189590327442 11.0311634545214 8.2740727562923 ex
455 0.559147531865165 15.1660614276771 12.4083433290944 ex
456 1.54848115821369 14.9283722282853 11.4207399543375 ex
457 7.64827882219106 8.24176716455258 12.9356994328555 ex
458 1.32022663578391 9.74082508659922 15.0310255268123 ex
459 2.57646909588948 11.3646783339791 14.2346613258123 ex
460 4.50570016377605 8.82147634914145 15.2170202464331 ex
461 0.342065227217972 12.5183452256024 11.0954371693078 ex
462 2.23128023464233 12.2187931695953 15.0235345559195 ex
463 3.50437056599185 10.750350950053 10.4457010992337 ex
464 4.83885311102495 12.0610184918623 13.2144627636299 ex
465 6.5624709376134 12.1831823282409 9.28917595976964 ex
466 3.36722987610847 8.48937611794099 13.7179101579823 ex
467 3.01768950163387 13.3819951619953 11.513104951242 ex
468 4.95589691516943 8.56781026837416 14.1388411181979 ex
469 0.394656578777358 13.1065513214562 11.8112600424793 ex
470 2.94870519195683 10.0556771331467 15.7809567896184 ex
471 1.98399155470543 11.3220463197213 11.4255201094784 ex
472 3.69621668593027 14.6737916187849 9.78365528723225 ex
473 5.83593474491499 11.6165954803582 11.5403450180311 ex
474 5.56571835884824 8.09875576710328 15.2371707125567 ex
475 0.955659326864406 8.95686043612659 11.026163764298 ex
476 6.89189196680672 15.4618577039801 15.9414828529116 ex
477 5.78708209050819 9.65929154586047 10.5729061798193 ex
478 1.46461800672114 13.5000871981028 10.0331401887815 ex
479 1.22711926465854 14.01841303939 9.93614652636461 ex
480 5.7241311382968 12.5472750905901 10.5916787341703 ex
481 5.63354269275442 10.8973585006315 8.94197326758876 ex
482 2.08179208217189 9.90484110498801 10.2721563985106 ex
483 7.50595040176995 14.5892643185798 13.173442655243 ex
484 7.45330546982586 12.4389720926993 13.1644624632318 ex
485 6.35826147766784 11.8544114199467 9.64957899320871 ex
486 1.26626186561771 8.88476973189972 11.8998194443993 ex
487 3.8062045481056 11.2708714462351 10.1533149690367 ex
488 6.51516314549372 15.9752894076519 12.2251025768928 ex
489 0.190417758654803 14.0013649135362 15.3071568575688 ex
490 5.01639064867049 8.64345071464777 8.26356205251068 ex
491 4.75115946051665 10.398686807137 12.5014404172543 ex
492 4.95033891499043 13.7564095309936 8.47412568237633 ex
493 1.87483299244195 15.7725618043914 10.6510874847881 ex
494 6.28228109143674 12.4214112646878 8.70709832082503 ex
495 0.26850952138193 12.5476147003938 14.5438834819943 ex
496 0.768510684370995 8.71728499047458 13.2854168231133 ex
497 2.33218229562044 8.71536564826965 15.3886011708528 ex
498 3.03971259878017 10.0242299698293 9.18189455242828 ex
499 6.28658162662759 8.30108926608227 10.277788681211 ex
500 5.23898896062747 8.96936207520775 11.7172594449949 ex
501 10.7408114331774 8.6337945337873 11.2495673845988 ex
502 12.0661865747534 14.6335163156036 9.07019720622338 ex
503 9.94046459533274 12.9700864367187 12.1792207406834 ex
504 15.2028714360204 9.564338369295 11.2092659126502 ex
505 11.5366627038456 8.10228652507067 11.347284745425 ex
506 13.2003254152369 9.13570693391375 12.7756184800528 ex
507 9.45010179933161 11.9860481498763 10.4092469671741 ex
508 9.70664158486761 14.3889641810674 9.36664010118693 ex
509 14.2956435605884 13.93030844233 12.4155355244875 ex
510 14.7433071013074 14.1053325249813 9.68605408724397 ex
511 8.24709737626836 13.9056196489837 8.75330439419486 ex
512 15.8002408661414 13.316324819345 9.06618367996998 ex
513 13.6968954026233 9.95289317565039 10.6130559905432 ex
514 12.5711445161141 9.71206211368553 13.2476620590314 ex
515 8.15563429822214 12.1821533113252 13.4802984569687 ex
516 13.2745966329239 13.7166867444757 13.2922919546254 ex
517 9.26535312808119 15.1957840446848 12.2283740451094 ex
518 10.5215951984283 14.5402729939669 11.4899363017175 ex
519 13.3355175857432 11.8875152310356 13.4320068762172 ex
520 8.94111329223961 8.24942314741202 8.09944617631845 ex
521 13.1323067469057 12.8722837276291 8.16390531696379 ex
522 8.8733269572258 12.6107128376607 12.8260192186572 ex
523 14.4760670845862 10.3166464136448 9.15915394108742 ex
524 10.7232207152992 9.73129103495739 10.4759470587596 ex
525 12.5487567370292 15.2758957769256 14.7802564466838 ex
526 11.1242779439781 9.20798989268951 8.93216696870513 ex
527 9.51857249322347 9.83860623952933 10.5779092505109 ex
528 11.6097982707433 12.9016080668662 15.6110429596156 ex
529 10.6691007297486 14.9436126807705 8.59650506824255 ex
530 15.2208580863662 14.1895483019762 15.4233930546325 ex
531 13.0207003310788 9.73997756466269 13.3588521198835 ex
532 15.8137679120991 10.2171782366931 15.7583944527432 ex
533 13.7704495424405 10.2892249575816 10.1696162715089 ex
534 10.620500478195 8.75389104383066 14.8459867406636 ex
535 9.53710372978821 12.5266913380474 15.726692646509 ex
536 8.74053692957386 15.4722838771995 15.0060324484948 ex
537 13.492580935359 11.0550066488795 14.7456805955153 ex
538 15.7325517458376 9.15168114937842 8.525076035643 ex
539 11.2576312674209 11.3872307101265 10.2218916343991 ex
540 13.190118196886 11.1870770291425 15.1135195461102 ex
541 8.64765928615816 15.274961297866 13.6319539938122 ex
542 8.60650923801586 10.2918939853553 9.8901781544555 ex
543 11.8357332560699 9.77026464347728 13.2846065342892 ex
544 9.77442950056866 10.4668815282639 14.533180400962 ex
545 11.2108666626737 11.4841534309089 8.24579344806261 ex
546 8.28182454057969 9.41479096165858 15.9072049842216 ex
547 11.2249186828267 9.4135906083975 14.000892537646 ex
548 12.9093577510212 15.8962704930454 9.50109033286572 ex
549 13.5308338338509 14.079810930416 9.76112761511467 ex
550 12.8331899975892 9.567845845595 11.5711659339722 ex
551 11.8797498268541 10.7658632842358 10.2308768003713 ex
552 11.4599882147741 9.91990734753199 9.26613792940043 ex
553 13.0572968153283 10.3615625067614 13.0527873658575 ex
554 8.99161537061445 10.1414105496369 8.30164417158812 ex
555 11.6281796647236 8.60825825179927 13.9671339762863 ex
556 13.9070638651028 8.31871267128736 14.314808863448 ex
557 10.6707427015062 13.9032529362012 9.17413122090511 ex
558 11.0375376699958 15.0411957066972 14.1571459951811 ex
559 12.4230060353875 9.81253675208427 14.458776375046 ex
560 8.00618248642422 8.44914861326106 9.68365563848056 ex
561 14.1807149951346 12.0280696263071 11.1660803521518 ex
562 8.97540246718563 9.50217717001215 12.7217874282505 ex
563 9.01364239840768 11.1071370707359 15.2046288859565 ex
564 14.1442341548391 15.7079453908373 12.3574337747414 ex
565 14.4884698728565 11.1646018405445 13.2183221310843 ex
566 11.6263080479112 15.4824207648635 10.3157560955733 ex
567 10.1517519706395 9.47120909392834 15.990702314768 ex
568 12.9481555859093 14.509149952326 11.6893008912448 ex
569 9.74159472458996 13.2267472855747 15.4979672529735 ex
570 12.2482289704494 12.8759079794399 8.32488983264193 ex
571 12.5442615794018 11.198665230535 9.07154084253125 ex
572 10.3589858640917 11.3653638239484 8.69142255745828 ex
573 13.0671908671502 15.2833271378186 8.70912047917955 ex
574 11.0736768352799 13.0742256415542 11.5915246419609 ex
575 12.3851360527333 8.11923211696558 9.39180697128177 ex
576 10.6736166016199 8.88957079453394 9.70995611092076 ex
577 10.8613585385028 10.9069139347412 12.156023081392 ex
578 12.8293536154088 8.56910336948931 11.4807669285219 ex
579 8.74117596377619 9.25775089813396 9.24685896327719 ex
580 13.1708930982277 8.35759469517507 13.6022596666589 ex
581 11.5730150660966 14.6338977180421 15.6915632907767 ex
582 8.51810604892671 13.8528755828738 15.9988665136043 ex
583 9.6992958036717 8.28932803380303 11.205207582796 ex
584 15.5162502846215 15.4274531640112 15.2992532176431 ex
585 11.2663337429985 10.7088023899123 12.9437949338462 ex
586 8.74238418415189 11.2615911511239 10.6505770869553 ex
587 15.2510996055789 13.476227310719 13.0648316182196 ex
588 14.292472923873 10.0716279463377 15.2557241036557 ex
589 10.8369530509226 12.0999275604263 9.39873964292929 ex
590 14.7753091736231 15.1958976988681 10.7250690131914 ex
591 10.2342788111418 15.0004525547847 8.61788083799183 ex
592 8.38644392881542 9.72343273926526 11.3763824498747 ex
593 8.9495913493447 8.67015009978786 10.680207381025 ex
594 15.336048304569 10.3930672944989 9.35292889224365 ex
595 9.4136964394711 15.1609642335679 14.6099461263511 ex
596 15.5095417595003 11.6843712804839 14.1520306514576 ex
597 12.6698894829024 14.8504133992828 13.1366025465541 ex
598 13.9049313345458 10.2320601656102 14.6920439966489 ex
599 14.6249373618048 14.8638698041905 13.5309138256125 ex
600 13.3699637171812 14.2982115582563 10.6620858362876 ex
601 15.8641625128221 8.11798865091987 9.77475792309269 ex
602 9.79829466412775 10.3781945179217 12.1228948282078 ex
603 8.36172128864564 11.8860377708916 14.1584615129977 ex
604 9.81647640792653 12.8357336239424 13.8834497113712 ex
605 13.46593036782 13.3032708715182 11.686688893009 ex
606 10.0845488761552 13.8105218559504 12.4953902985435 ex
607 8.68655282165855 8.1429893260356 15.0750748368446 ex
608 15.0280685909092 9.30555960233323 15.1646092778537 ex
609 14.6739667493384 14.6117219580337 10.7547542310786 ex
610 13.4653377074283 13.9751313903835 8.8595572351478 ex
611 11.9977460864466 13.9723408482969 9.20519155822694 ex
612 15.0772384186275 13.9224351630546 12.4106806924101 ex
613 11.8889606867451 9.25435259519145 15.6067310357466 ex
614 11.9739188959356 10.9379647809546 11.7253504036926 ex
615 14.2630758942105 14.8036302884575 14.6080389409326 ex
616 14.7506006835029 12.1681706914678 15.5777885455173 ex
617 10.4103539434727 9.73304076818749 13.3901644547004 ex
618 11.2925332775339 10.12112764013 14.9397530748975 ex
619 9.53844299097545 13.5200998745859 9.14050532062538 ex
620 13.7535431401338 11.3018244160339 10.6792165772058 ex
621 10.3146567663644 14.0822439901531 9.70566830877215 ex
622 12.0838874895126 12.6528040834237 9.93568566464819 ex
623 11.8220322076231 14.2749903080985 8.99121546070091 ex
624 14.2747052400373 8.2966439567972 8.64218093594536 ex
625 11.7986597344279 12.4436497355346 13.5669006672688 ex
626 14.4859654624015 8.49254894023761 13.4554547313601 ex
627 9.54018907411955 12.8824369413778 14.094234343851 ex
628 8.42981946095824 10.1358338340651 15.5645885216072 ex
629 12.6991752872709 9.58995723444968 12.8801037897356 ex
630 9.88672647299245 15.6021762557793 13.4580643968657 ex
631 12.4650504786987 8.27798425755464 10.5127450122964 ex
632 12.3970441091806 9.6178314643912 15.532092016656 ex
633 10.6110503552482 10.5276350311469 8.31561623257585 ex
634 15.974013563944 15.7859576020855 12.5014116272796 ex
635 11.175625591306 14.4785458357073 9.1510584326461 ex
636 12.6124033182859 14.9359564827755 14.8227155415807 ex
637 14.8291831761599 9.79959612363018 11.459465170512 ex
638 14.4950440067332 10.5481760962866 11.9831853602082 ex
639 8.20797247812152 8.57602620846592 11.2648313348182 ex
640 13.8474332198966 13.1332164427731 12.8614419074729 ex
641 11.0778898028657 15.7840097288135 15.6697796199005 ex
642 9.31261117709801 9.35204662079923 13.2081313778181 ex
643 15.4015755264554 12.0705238713417 15.4354529497214 ex
644 11.8239614551421 8.70753734582104 8.32361117214896 ex
645 15.5774241276085 8.14098993572406 14.9105515778065 ex
646 15.7422823803499 13.9469393005129 15.4823747274932 ex
647 15.7596119560767 8.14422337687574 10.7202140907757 ex
648 10.268112166319 11.4570099222474 11.0485945164692 ex
649 13.8086475771852 15.1408499688841 9.71354194032028 ex
650 10.7722775933798 10.0925401959103 15.5925523650367 ex
651 12.5599046351854 10.2151958886534 9.70987433963455 ex
652 14.9219733539503 12.6468839012086 13.9655685399193 ex
653 9.7092758230865 12.538255573716 10.5434890876058 ex
654 14.8278806412127 15.5508032999933 9.14743367116898 ex
655 12.7978916610591 14.7964708043728 12.947377521079 ex
656 8.70082462904975 11.9135771889705 11.7161397573072 ex
657 12.895967730321 13.6635607555509 11.6177597334608 ex
658 10.6893110997044 11.9970891089179 14.1736032264307 ex
659 15.7395917293616 11.3245054318104 15.655133292079 ex
660 15.1615185739938 11.2966475058347 10.5578934580553 ex
661 9.02347223414108 11.3963135988452 11.8554520194884 ex
662 15.9638368247543 12.5192256756127 9.13854175084271 ex
663 11.3275941766333 14.2473280150443 13.308954121545 ex
664 12.5589940270875 12.8119837956037 14.7911504642107 ex
665 8.47926741326228 10.7896577843931 12.3389413929544 ex
666 8.3391292844899 15.4452267533634 12.353210582165 ex
667 15.1215989231132 11.4245219230652 9.36867790226825 ex
668 12.6010231857654 11.1671585245058 12.0215752888471 ex
669 13.4970226141158 15.829137338791 11.8455357940402 ex
670 9.59305707504973 15.9061757002492 8.36740450607613 ex
671 8.58148793433793 15.2839467269368 8.23019269737415 ex
672 10.1080901764799 12.2552907837089 14.3659343149047 ex
673 12.7781685828231 15.7869227060582 8.00043153599836 ex
674 9.97935163741931 13.9033629349433 10.741260812385 ex
675 13.2098606170621 10.0445916240569 12.9505141410045 ex
676 15.6099557972047 14.3224417578895 10.1710747973993 ex
677 8.2805800831411 10.4594765398651 14.5074830956291 ex
678 9.46283069998026 9.40114209265448 15.6156624928117 ex
679 14.1120629105717 13.2183936487418 13.3264518438373 ex
680 10.8928619071376 14.5270587897394 13.6110252281651 ex
681 8.62069340748712 12.4912663795985 11.326948455302 ex
682 15.8239947659895 10.6953446562402 8.945291623706 ex
683 9.9793535717763 10.1495228449348 13.1320130969398 ex
684 13.6262833452784 12.6238284006249 11.4339087344706 ex
685 8.3649242199026 15.3868130787741 11.1385405003093 ex
686 11.9423554390669 8.27658761129715 14.3198427113239 ex
687 8.51228421018459 12.9439522987232 10.9062256198376 ex
688 12.99338719761 13.4702694213483 15.6325030031148 ex
689 10.4254328547977 15.7540626109112 9.43370525795035 ex
690 10.6615870348178 11.2441826448776 15.198465117719 ex
691 14.7374975583516 12.7877393197268 12.0024377256632 ex
692 14.5273826946504 10.5390195713844 13.9760497324169 ex
693 12.5097276947927 13.0858936011791 8.02676296327263 ex
694 11.2521369706374 15.3261713967659 11.4346146278549 ex
695 9.36643823003396 12.0186718138866 9.48918944015168 ex
696 12.268009434687 15.5488774455152 15.1609550451394 ex
697 15.0541602645535 14.5449596988037 14.2762421364896 ex
698 12.6507470225915 13.0554382270202 12.6431373283267 ex
699 13.8740429633763 8.76331458310597 11.6846474939957 ex
700 10.0908506787382 12.2537719414104 11.9461041116156 ex
701 15.1430080852006 15.5559696448036 8.51318146381527 ex
702 14.2658043950796 15.8342249307316 15.7821851556655 ex
703 12.1246800275985 9.55816280818544 8.52082634740509 ex
704 12.0183541877195 15.2739479765296 13.7374059478752 ex
705 15.5497962639201 9.74210439715534 14.9103899707552 ex
706 12.8965493657161 9.20997951016761 9.79724757908843 ex
707 15.5982645198237 8.76849253289402 11.6410135882907 ex
708 11.7083509375807 10.6838857934345 9.86273223976605 ex
709 15.4510406607296 12.9153473123442 13.1689773090184 ex
710 14.7884161770344 14.2785346822347 15.1766444901004 ex
711 14.1725075175054 11.304163237568 15.9245391683653 ex
712 12.0404388303868 10.0882465606555 15.3090536126401 ex
713 15.4192742735613 14.6380013895687 8.03415857139044 ex
714 13.1785800990183 14.8997512243222 13.1190627666656 ex
715 9.02746249176562 14.3517310323659 8.5614606984891 ex
716 11.021483713761 15.0165585109498 9.2653397503309 ex
717 9.72881581122056 14.4661049689166 14.7818586439826 ex
718 9.50659430143423 13.908534547314 12.7411778948735 ex
719 13.7485809535719 12.0131007221062 12.2063208345789 ex
720 9.7707636510022 9.67417834466323 9.37729217787273 ex
721 15.6486427772325 14.4513078965247 13.5409474039916 ex
722 14.3082211159635 12.3553991664667 10.5414360340219 ex
723 15.9179571026471 11.0472361091524 13.2462496221997 ex
724 13.1817080373876 8.04608292295597 15.9941333194729 ex
725 11.0773875087034 8.79263606714085 10.6002400177531 ex
726 11.8608260129113 9.66921451780945 11.6033660762478 ex
727 11.556930836523 12.3853156350087 10.9988828964997 ex
728 15.1234322956298 8.9507050504908 12.2185740761925 ex
729 11.0403375197202 8.32763617578894 15.7481370118912 ex
730 13.8183848117478 10.9489757318515 9.11948432726786 ex
731 14.4662922238931 10.4379034172744 8.29804258747026 ex
732 9.44371776003391 10.4438596752007 10.2575646564364 ex
733 8.90408833767287 9.04308374109678 10.1062964724842 ex
734 13.8045430602506 9.82902373769321 11.6224241086747 ex
735 11.3910380240995 9.94563581026159 12.0678910245188 ex
736 11.1575133420993 13.5960484773386 13.6967622032389 ex
737 10.3485592789948 11.3422795201186 13.3488350876141 ex
738 13.7980028872844 8.56691707205027 12.932429287117 ex
739 15.4578759530559 9.08140577375889 13.5126246525906 ex
740 9.04981627361849 8.94759212201461 12.9822542550974 ex
741 9.52171411155723 10.307876808336 8.35723943985067 ex
742 15.928697474068 10.4590492823627 14.1802322817966 ex
743 8.51130039338022 13.5468333580066 13.5329716121778 ex
744 9.58349821460433 10.4363413408864 9.7354939726647 ex
745 8.806849000277 13.4854004837107 12.0005154618993 ex
746 13.7250737403519 11.8139066160657 8.97131020994857 ex
747 13.4401671350934 11.407511417754 9.99516130890697 ex
748 13.6424144795164 12.2390720539261 14.8029989097267 ex
749 14.2504723598249 12.8862984259613 8.55422997404821 ex
750 10.6223603331018 15.9051094623283 10.7271256209351 ex
751 8.99801276694052 14.7940783046652 15.2167133816984 ex
752 14.6857278577518 10.4342342622112 14.2725458042696 ex
753 15.4526094701141 10.3428258127533 12.7198900992516 ex
754 8.48449204256758 9.88128365995362 13.307412056718 ex
755 11.0242031284142 11.7373442735989 13.1837630029768 ex
756 9.15748053696007 11.482123649912 8.19810988311656 ex
757 15.2799289915711 15.1189813490491 9.74740860657766 ex
758 10.5546542459633 8.7349164148327 12.9896031660028 ex
759 13.8588851189706 12.4313420215622 13.7361940215342 ex
760 9.3944200752303 9.65564754162915 11.438855804503 ex
761 8.1943802125752 12.0624251498375 14.6599658504128 ex
762 9.76971431192942 10.2910252960864 11.3279532957822 ex
763 13.266226130072 15.3882538774051 10.1147180288099 ex
764 12.2564047146589 13.8405771262478 9.38629891281016 ex
765 8.46633817208931 8.31342044915073 14.9198220467661 ex
766 9.92400544928387 12.6503286461812 8.53157807723619 ex
767 15.3574459233787 12.6247351674829 10.62089898251 ex
768 13.5214661280625 12.4374982847366 15.4552357250359 ex
769 10.075751996832 9.44762627757154 11.8507771932054 ex
770 14.7114449050277 14.346925007645 12.4795158060733 ex
771 8.58574965689331 10.4403059356846 13.5777625376359 ex
772 14.7373433930334 13.7510175390635 11.8932003993541 ex
773 12.8097502111923 10.126812010305 12.2160376519896 ex
774 12.2101495687384 14.0109723350033 15.4262700802647 ex
775 10.8304428088013 15.168200513348 15.9939637437928 ex
776 11.0747955176048 8.44977533444762 9.62157835857943 ex
777 15.0087604711298 14.7673318055458 11.3781865111087 ex
778 10.9868710304145 8.01373773766682 15.8292756697629 ex
779 14.4622548648622 9.95175786572509 13.338740862906 ex
780 9.11817223695107 8.07996190269478 8.8674064851366 ex
781 13.2562813027762 10.5993785376195 11.202580438694 ex
782 12.4670980076771 14.7692072296049 8.97823801939376 ex
783 10.5158767974935 13.7535765343346 15.6900091320276 ex
784 12.019010115182 11.7036773636937 11.3988952182699 ex
785 9.06188836949877 14.0027127065696 12.4380235450808 ex
786 12.1080242169555 8.6555725838989 14.523534151027 ex
787 15.8478950958233 9.77267452911474 9.24927117396146 ex
788 15.6080107002053 8.22225959762 15.0434324026573 ex
789 13.1402518905234 8.57346472796053 8.10485675465316 ex
790 12.5135147776455 13.4636699345428 10.3546191984788 ex
791 12.3315028273501 10.0763537769672 14.6119105122052 ex
792 9.71652795723639 15.3344940338284 15.7009555196855 ex
793 10.5225639685523 14.1084866621532 10.7766175987199 ex
794 12.8836366946343 10.3266559881158 10.2464736171532 ex
795 15.6816187005024 8.33395126741379 8.0416609835811 ex
796 13.4020734075457 13.2280038620811 9.84912903187796 ex
797 8.9351889770478 12.758446626598 8.89871094818227 ex
798 14.519781882409 13.7416055838112 9.79991243476979 ex
799 11.9209073989186 15.0993159790523 8.32495211926289 ex
800 8.8729985835962 10.3243478769436 11.9999403511174 ex
801 15.033253272064 12.6992517756298 14.46506107389 ex
802 10.634292419767 10.0266452410724 13.5500469396356 ex
803 10.3338626718614 10.998143635923 11.4923587138765 ex
804 10.9290405865759 14.9820687503088 12.8422132476699 ex
805 14.6519043857697 11.7706319496501 9.62802030611783 ex
806 14.7217809406575 10.3841437858064 12.119840285508 ex
807 10.9653359921649 8.46512897545472 13.8303320095874 ex
808 15.18697743956 9.77461878326721 12.3919736533426 ex
809 9.65866207145154 11.4564741596114 13.0854401113465 ex
810 8.22506531421095 9.11435080110095 8.02596001513302 ex
811 14.012972099008 8.4768132660538 9.38153065834194 ex
812 14.0281376282219 8.65597753529437 12.8094455779064 ex
813 12.1884108074009 8.75436577224173 12.3178433082066 ex
814 8.54457179852761 14.9201068799011 13.4745053704828 ex
815 10.1040030231234 15.0585376732051 12.8172075811308 ex
816 10.2682618512772 10.9742642454803 14.9665887758601 ex
817 12.6580817664508 12.8657388100401 15.3529519063886 ex
818 13.5046067598742 11.6116851239931 11.0111891783308 ex
819 14.1927918384317 10.703622154193 10.2339866377879 ex
820 13.2322928414214 14.0083199194632 12.1242788531817 ex
821 13.6887561590411 15.6960291413125 14.8219717317261 ex
822 9.56232364056632 14.8144880512264 11.1484965884592 ex
823 9.46886715316214 9.17993033886887 8.60269898734987 ex
824 11.976019435795 15.2612626024056 12.4672805955634 ex
825 12.4911918302532 11.539088223828 15.3755498852115 ex
826 14.7877675055061 11.6955532510765 14.2639400747139 ex
827 13.5230422937311 14.3454781204928 14.8628377856221 ex
828 10.7112285704352 8.290879762033 8.87101097498089 ex
829 12.1980955812614 10.7131493689958 13.8239462652709 ex
830 10.0799419612158 8.38955265283585 10.4128568801098 ex
831 13.5891923182644 15.1993558015674 13.8107483279891 ex
832 10.0514169123489 12.534681780031 10.9027357071172 ex
833 13.2622595028952 15.0476970630698 12.4989905538969 ex
834 8.22759123309515 14.4002006640658 14.1126419606153 ex
835 10.7834364396986 13.7681813428644 13.6720744373742 ex
836 14.7518588053063 9.58331225649454 9.19518246734515 ex
837 12.8164009829052 14.249281745404 10.6697116929572 ex
838 15.0563380848616 13.4568845950998 8.96257316204719 ex
839 11.3666273260023 11.1884757427033 12.8065422284417 ex
840 13.8229371509515 10.0372195399832 15.17578155105 ex
841 13.5232430086471 9.07806259463541 14.6453344223555 ex
842 9.30001244554296 15.049933037255 11.8675206582993 ex
843 14.7180519353133 13.9367374146823 14.7900161740836 ex
844 14.5016022277996 9.08855947107077 10.2571902312338 ex
845 13.9588605093304 9.97070095664822 15.7902275323868 ex
846 12.3402272667736 11.7937946075108 8.95140938018449 ex
847 14.4019316879567 8.20977767044678 11.0809047841467 ex
848 10.4715418971609 13.6458461799193 11.049553852994 ex
849 12.0514460476115 8.26226812670939 13.6641955438536 ex
850 13.1928693358786 14.1713430532254 11.3681177177932 ex
851 9.40356258046813 14.7062054993585 10.3278681202792 ex
852 10.8539519333281 15.3309796520043 14.1540276312735 ex
853 14.2587697431445 8.40043407469057 14.1688171024434 ex
854 8.16668047895655 10.3606403670274 10.2397304673214 ex
855 9.56348915025592 15.8501863947604 9.45251092524268 ex
856 8.12382931425236 13.5465170035604 10.2824954437092 ex
857 13.3412488771137 8.81065159570426 10.156427326845 ex
858 14.3743898889516 13.885574552929 10.1372478364501 ex
859 8.87089190492406 15.4792831023224 9.23277868912555 ex
860 12.923882844625 12.8099285326898 13.2470186096616 ex
861 9.56975369388238 8.09822345804423 15.1144466535188 ex
862 11.3668358491268 14.3463888380211 10.6209653918631 ex
863 9.78724485659041 11.3592394075822 9.78978292667307 ex
864 14.9306254626717 14.5067146560177 8.57435651309788 ex
865 11.0858781177085 12.6435588195454 11.3131630166899 ex
866 9.04851811146364 13.5401215204038 14.6193107452709 ex
867 15.0026548486203 15.4643252859823 13.4200403462164 ex
868 12.5640368468594 11.9950991435908 14.7152501482051 ex
869 8.64344935095869 8.5708528123796 13.0437277932651 ex
870 15.6057203123346 13.3540284717456 10.7838929754216 ex
871 9.78482918604277 14.6648732186295 15.9128469433635 ex
872 14.0204988669138 14.2958852415904 11.2185795728583 ex
873 11.6380724112969 12.1232770676725 9.32654082635418 ex
874 14.82989939861 15.6358827576041 13.2037815125659 ex
875 13.913787222933 14.9672906030901 8.69358650920913 ex
876 11.3069154352415 9.8730635792017 10.1461813244969 ex
877 8.7186482695397 11.4329432819504 15.1405337399337 ex
878 14.4601693574805 9.00516729569063 8.41983496490866 ex
879 10.1543173936661 11.5814540728461 12.8253279246856 ex
880 11.6143724997528 10.35901283985 13.7735242145136 ex
881 10.6252741846256 9.20387830561958 12.8122313807253 ex
882 9.5126848211512 12.7409980010707 11.7609367098194 ex
883 9.76991201983765 8.06403603637591 10.0324493981898 ex
884 11.1340942962561 8.85857126675546 12.689258831786 ex
885 13.1856460676063 10.9203510340303 8.06023143581115 ex
886 10.1038889277261 12.0179405319504 13.1704834408592 ex
887 11.659821249079 13.85257710726 15.5277032579761 ex
888 11.2498263721354 13.1888507467229 14.0725025252905 ex
889 12.8088619818445 13.3476209146902 14.7196896774694 ex
890 15.4997488223016 14.1045952963177 12.1567005021498 ex
891 14.9374090712517 11.9019703567028 8.68544203299098 ex
892 9.79678520606831 10.1280405321158 15.7203156575561 ex
893 14.1794164623134 13.6120789016131 8.3311470260378 ex
894 11.5120885234792 13.4501024722122 10.7513687796891 ex
895 13.1773469573818 11.5871160172392 12.8746606875211 ex
896 8.1235168504063 15.4059324322734 14.1292054289952 ex
897 14.204844530439 12.3408120933454 14.0518907683436 ex
898 11.545451721875 15.2596186420415 13.4155725338496 ex
899 14.2879253732972 15.2244166387245 8.38109112530947 ex
900 15.1239807528909 15.8638315778226 14.7195248517673 ex
901 10.3031014674343 11.6056615766138 10.8532856707461 ex
902 14.4455785730388 8.15887442161329 15.8774462065194 ex
903 11.4900268826168 10.6811926127411 8.1408289577812 ex
904 13.9820323137101 13.1234006413724 15.6390293452423 ex
905 15.821548954118 15.1614341998938 10.2558691380545 ex
906 11.2734809776302 10.3611976546235 15.7244380007032 ex
907 13.1464967741631 8.14530889107846 9.63033313350752 ex
908 11.1373209985904 14.9757561096922 14.7169744893909 ex
909 13.9933853193652 13.6437389913481 10.1799528587144 ex
910 14.9791208421811 11.9619918344542 11.8151684128679 ex
911 11.2626863317564 11.7383727245033 11.3086706106551 ex
912 14.4374515225645 9.75133283180185 15.5384471938014 ex
913 12.9178717823233 9.08192727854475 10.4888699792791 ex
914 10.1804952654056 10.2725630293135 9.11769326333888 ex
915 15.4806345812976 10.9725477069151 11.2144078742713 ex
916 15.0803911357652 10.3866710478906 10.732832120033 ex
917 10.0881756157614 11.3458596377168 9.60042832582258 ex
918 8.33557347767055 12.7221050593071 15.6559562720358 ex
919 15.4613123135641 9.2501814821735 10.4075307620224 ex
920 14.4607486508321 8.78704709047452 10.6593213309534 ex
921 12.8033097712323 15.2363937776536 10.5779584604315 ex
922 8.74730747076683 13.2397446609102 14.7046301297378 ex
923 14.7399321338162 13.1697573030833 15.2394339698367 ex
924 10.4863071914297 15.7398377568461 13.2077132936101 ex
925 12.1734523414634 11.7867571047973 10.4983794847503 ex
926 14.4110886391718 11.5229652463458 12.7709991501179 ex
927 11.8031125126872 12.4690310768783 8.43308063410223 ex
928 11.4715826429892 12.5923077370971 14.1981470407918 ex
929 10.8811862175353 13.7083264049143 8.4229908650741 ex
930 9.72240159939975 8.94555008364841 9.79346631211229 ex
931 9.73482348420657 9.23005650402047 14.7505474623758 ex
932 14.3796966404188 11.8023611549288 10.5158990500495 ex
933 13.0151399746537 15.9718944574706 15.9533618718851 ex
934 15.9070407166146 12.30100157368 12.2567416380625 ex
935 8.66260062973015 11.1146197523922 9.27438877220266 ex
936 11.827951090876 12.3747385977767 12.2536956162658 ex
937 12.2389975131955 15.071596196387 11.8923681937158 ex
938 8.53651798400097 11.6618733028881 13.3139712044504 ex
939 12.0144485170022 12.2290003900416 12.0674268938601 ex
940 9.83766385354102 8.73323751310818 14.4793429332785 ex
941 10.861662043957 13.166575278854 14.8010646803305 ex
942 13.3951810353901 13.8120526554994 14.997840880882 ex
943 10.1040451740846 14.1383280884475 15.4294066142756 ex
944 12.6889272280969 8.630624569254 15.4705259376206 ex
945 12.1119137897622 10.3748542042449 11.2623893702403 ex
946 11.6941798687913 11.480787022505 15.9640081103425 ex
947 12.3663922918495 10.7584251656663 8.57697565318085 ex
948 8.51055673277006 9.53344466793351 14.9592235565651 ex
949 12.9326096444856 13.9249211002607 13.7546311966144 ex
950 13.720405310858 12.1095902933739 9.97676441841759 ex
951 14.5594271472655 12.5145096033812 9.96723816567101 ex
952 9.71408956358209 8.04620987758972 13.3743086229078 ex
953 11.9496264865156 14.2862271091435 12.4246144276112 ex
954 13.3864749486092 9.58340790309012 9.83163013844751 ex
955 10.87800576468 13.8914397091139 10.5777681581676 ex
956 14.3236010002438 15.8353925654665 14.0216022937093 ex
957 10.0712502787355 12.4811027150135 8.37119791051373 ex
958 10.2164145698771 9.17859674221836 8.459245886188 ex
959 8.38327744835988 13.3728305350523 11.6134274411015 ex
960 10.2941870160867 14.8381745757069 14.4576034012716 ex
961 14.155013991287 9.93952036765404 14.9896638747305 ex
962 8.67552352929488 14.2076865013223 11.7920353610534 ex
963 8.2210459834896 8.62810955010355 12.07545745885 ex
964 8.31136695225723 11.0136427010875 8.6784516798798 ex
965 10.0532290823758 12.7275949884206 12.8973213795107 ex
966 15.384912090376 13.323523682775 11.2219335951377 ex
967 15.5984364792239 11.9883888131008 12.8762193543371 ex
968 15.3727616250981 13.5861796217505 14.312906971667 ex
969 11.1979944903869 14.0809246720746 11.2127504565287 ex
970 9.75954473111778 9.7564189855475 12.8989706819411 ex
971 9.95381050300784 11.2393649709411 14.9314381636214 ex
972 10.7386821215041 9.77070123166777 14.2738794269972 ex
973 15.7719040934462 11.7638473012485 8.69261824712157 ex
974 8.87824769201688 15.6338668011595 10.5711791380309 ex
975 10.7264958671294 10.4759840699844 10.2796680829488 ex
976 12.5021838676184 15.7107017899398 12.8836867511272 ex
977 9.83298863843083 13.3020391697064 13.8927076868713 ex
978 9.17868806584738 11.6615487649105 12.0942350318655 ex
979 10.5486731764395 12.2489979106467 15.4491911339574 ex
980 14.9750359079335 9.93645180785097 12.7750040290412 ex
981 8.70243232720532 11.7972419501748 12.6310688217636 ex
982 13.7790267230012 14.2524708572309 15.2049930603243 ex
983 15.8194050411694 12.6299412765075 11.4643359526526 ex
984 11.2607804730069 11.5844278910663 9.8328167446889 ex
985 8.74130310956389 13.0249950196594 9.38379180640914 ex
986 12.0989682408981 12.2610261181835 10.2452141481917 ex
987 9.89155087969266 15.0387830729596 10.6321360613219 ex
988 9.39128323900513 14.9544635997154 13.4149724873714 ex
989 11.2771899462678 13.4736812685151 12.8914224898908 ex
990 15.5575747154653 8.57405368844047 13.1149718500674 ex
991 11.4317343302537 13.7177024544217 8.83367864624597 ex
992 8.72639168216847 14.2199674034491 9.95517330616713 ex
993 9.75799849303439 13.2504422834609 11.8300049114041 ex
994 15.9219465493225 15.244016435463 11.7040891891811 ex
995 15.6313359225169 12.8574783045333 8.45124495914206 ex
996 15.1594167556614 10.9515141360462 13.1114873350598 ex
997 8.79336939938366 14.4475878372323 12.7789847014938 ex
998 13.8851961945184 9.68658875860274 8.12582391221076 ex
999 11.1176093509421 11.1890872903168 14.9294597010594 ex
1000 10.058611983899 9.73259659670293 9.84882225771435 ex

